CIB,cow,date,kgm,time,meanCH4,meanCO2,meanRatioCH4_CO2,AUC_CH4,AUC_Ratio,peaks,peaks_per_minute,Sum_of_PeaksCH4,Sum_of_PeaksCO2,Sum_of_PeaksRatio,Mean_of_PeaksCH4,Mean_of_PeaksRatio,Sum_MaxPeak,meanCH4_5s,Sum_of_PeaksCH4_5s,validity
5425,5425,Tue Aug 09 17:32:14 UTC 2022,15.84,327.0,136.17,2362.43,0.07,11620.18,5.65,4,0.73,5853.94,90278.53,2.89,27.36,0.01,171.38,135.67,1159.63,11
6502,6502,Tue Aug 09 17:37:43 UTC 2022,14.39,358.0,411.23,4637.01,0.09,31545.25,5.73,3,0.5,15883.24,121403.13,2.9,92.98,0.02,806.98,413.67,2944.69,10
6734,6734,Tue Aug 09 17:43:43 UTC 2022,13.85,418.0,133.3,2825.07,0.05,7810.05,2.35,3,0.43,3925.84,80920.48,1.18,19.34,0.01,85.41,131.5,776.56,10
6493,6493,Tue Aug 09 17:50:43 UTC 2022,13.72,418.0,236.67,2570.67,0.09,14608.71,4.72,3,0.43,7337.8,64927.75,2.37,42.07,0.01,380.81,229.83,1417.89,01
7431,7431,Tue Aug 09 18:00:02 UTC 2022,15.86,459.0,438.7,4265.13,0.08,26741.18,5.0,5,0.65,13513.73,118645.75,2.52,61.96,0.01,581.7,451.83,2793.46,01
9765,9765,Tue Aug 09 18:10:19 UTC 2022,10.55,322.0,205.27,3684.97,0.04,19926.71,4.04,4,0.75,10021.12,181965.47,2.03,41.11,0.01,256.21,205.67,2001.24,11
2504,2504,Tue Aug 09 18:15:48 UTC 2022,14.31,353.0,258.89,6389.5,0.05,20456.43,3.26,5,0.85,10443.74,250207.48,1.71,55.26,0.01,388.39,260.47,2098.13,01
2514,2514,Tue Aug 09 18:21:43 UTC 2022,18.76,418.0,659.63,6703.55,0.11,44877.99,5.64,3,0.43,22550.24,181580.67,2.83,142.75,0.02,1019.14,649.17,4409.57,11
7436,7436,Tue Aug 09 18:35:15 UTC 2022,8.34,266.0,507.31,6253.76,0.09,32159.1,7.39,4,0.9,16251.43,257633.68,3.75,93.13,0.02,573.38,481.06,3274.29,01
9750,9750,Tue Aug 09 18:39:43 UTC 2022,18.33,418.0,279.63,3813.49,0.09,11172.63,2.27,3,0.43,5660.1,86615.6,1.16,45.37,0.01,188.9,272.97,1111.58,01
7441,7441,Tue Aug 09 18:48:25 UTC 2022,9.56,496.0,266.53,4318.4,0.04,17594.27,2.5,5,0.6,8875.16,140446.21,1.26,32.81,0.0,247.98,269.0,1773.63,01
3153,3153,Tue Aug 09 18:56:43 UTC 2022,13.08,538.0,150.6,3661.74,0.05,8761.34,3.27,5,0.56,4425.28,89848.55,1.66,16.42,0.01,137.17,150.17,866.54,01
6499,6499,Tue Aug 09 19:07:54 UTC 2022,9.49,467.0,871.41,8446.3,0.09,41896.7,4.32,4,0.51,21433.23,214264.75,2.21,150.82,0.01,1045.7,886.07,4181.24,01
9779,9779,Tue Aug 09 19:18:29 UTC 2022,15.98,372.0,756.43,6933.95,0.15,67655.48,12.82,4,0.65,34028.71,296852.58,6.45,129.28,0.03,1438.87,721.5,6759.35,00
6490,6490,Tue Aug 09 19:24:43 UTC 2022,26.82,358.0,981.97,10513.54,0.08,63098.88,4.87,3,0.5,31942.46,226321.01,2.47,261.97,0.02,1324.02,1009.0,6227.93,11
9758,9758,Tue Aug 09 19:30:43 UTC 2022,19.72,538.0,838.59,6489.84,0.1,40808.25,4.86,3,0.33,20469.81,166896.8,2.44,93.05,0.01,686.54,847.13,3977.17,01
6239,6239,Tue Aug 09 19:42:45 UTC 2022,9.2,416.0,138.17,4041.79,0.04,8392.79,2.68,9,1.3,4309.62,126883.56,1.41,20.03,0.01,240.87,138.83,852.4,01
9785,9785,Tue Aug 09 19:49:56 UTC 2022,18.98,465.0,184.2,3797.33,0.05,8825.81,1.67,1,0.13,4419.35,71924.39,0.84,42.09,0.01,76.13,181.33,882.58,01
2517,2517,Tue Aug 09 19:58:41 UTC 2022,25.4,480.0,213.33,4809.4,0.04,11952.25,2.27,4,0.5,6059.75,110989.75,1.16,34.87,0.01,184.0,213.87,1220.0,00
6244,6244,Tue Aug 09 20:06:48 UTC 2022,24.02,473.0,530.1,3227.11,0.08,33054.55,4.74,4,0.51,16663.0,79350.44,2.4,78.75,0.01,618.39,522.5,3266.38,01
3132,3132,Tue Aug 09 20:14:43 UTC 2022,19.93,538.0,326.83,6770.17,0.06,16369.52,2.88,5,0.56,8324.16,150639.03,1.5,43.5,0.01,265.43,325.83,1640.52,01
3131,3131,Tue Aug 09 20:23:43 UTC 2022,21.19,598.0,442.23,5421.37,0.08,20148.16,3.25,2,0.2,10108.7,80914.72,1.64,76.75,0.01,541.81,425.17,1884.28,11
1117,1117,Tue Aug 09 20:34:44 UTC 2022,25.33,717.0,1438.97,12098.17,0.1,59360.67,4.29,4,0.33,29902.09,224657.91,2.16,148.01,0.01,1242.68,1444.83,6006.69,01
7435,7435,Tue Aug 09 20:50:50 UTC 2022,19.69,531.0,318.53,6794.27,0.04,13106.21,1.69,5,0.56,6703.95,134195.48,0.87,40.87,0.01,250.28,318.67,1357.06,11
7437,7437,Tue Aug 09 21:00:58 UTC 2022,10.88,463.0,613.9,7482.72,0.08,37338.4,4.01,5,0.65,18794.9,263850.45,2.01,77.16,0.01,820.3,609.5,3766.39,01
7434,7434,Tue Aug 09 21:08:43 UTC 2022,19.77,538.0,328.17,8493.13,0.04,17198.81,1.58,3,0.33,8672.12,199607.06,0.8,49.2,0.0,203.75,329.27,1739.11,11
5430,5430,Tue Aug 09 21:18:47 UTC 2022,20.21,534.0,612.77,5823.67,0.08,33706.74,4.44,4,0.45,16954.61,125917.08,2.23,82.9,0.01,1044.49,609.67,3324.27,01
2516,2516,Tue Aug 09 21:28:46 UTC 2022,24.14,475.0,559.43,3212.8,0.08,40071.16,5.34,4,0.51,20157.47,103365.47,2.69,79.31,0.01,740.21,553.33,3975.16,01
3134,3134,Tue Aug 09 21:36:43 UTC 2022,24.77,598.0,595.27,6810.33,0.06,31496.59,2.99,4,0.4,15848.23,171566.29,1.5,61.1,0.01,479.7,581.67,3078.26,01
5132,5132,Tue Aug 09 21:50:24 UTC 2022,22.58,557.0,78.13,2264.1,0.04,4268.94,2.03,5,0.54,2149.01,52183.84,1.02,9.81,0.0,80.25,78.67,429.8,01
5426,5426,Tue Aug 09 22:06:43 UTC 2022,15.17,418.0,904.73,7451.33,0.1,77033.97,8.85,5,0.72,38959.81,320048.9,4.47,163.21,0.02,1439.0,902.67,7774.16,00
233,233,Tue Aug 09 22:13:43 UTC 2022,8.32,418.0,232.53,6633.8,0.03,18246.89,2.61,5,0.72,9235.41,248074.16,1.32,37.85,0.01,239.71,233.5,1837.32,00
7442,7442,Tue Aug 09 22:31:09 UTC 2022,7.56,332.0,100.4,972.8,0.04,5757.83,3.67,2,0.36,2985.54,22342.77,1.87,58.29,0.02,151.81,95.67,567.47,00
6232,6232,Tue Aug 09 22:36:43 UTC 2022,15.44,418.0,819.8,7204.74,0.09,63559.81,6.86,3,0.43,31947.85,236563.35,3.45,182.36,0.02,1220.1,832.5,6218.18,01
9752,9752,Tue Aug 09 22:48:28 UTC 2022,14.32,433.0,506.47,7738.23,0.08,39882.68,6.5,5,0.69,20210.16,301273.44,3.28,77.28,0.01,523.09,501.33,4010.16,10
5427,5427,Tue Aug 09 22:55:43 UTC 2022,17.07,418.0,411.87,2732.95,0.08,28725.36,5.0,4,0.57,14489.0,75771.67,2.53,78.92,0.01,587.08,422.83,2786.12,01
2505,2505,Tue Aug 09 23:05:51 UTC 2022,16.27,410.0,381.87,4787.77,0.06,22742.93,3.52,4,0.59,11527.32,114583.9,1.79,74.71,0.01,579.51,373.5,2386.83,11
5424,5424,Tue Aug 09 23:13:46 UTC 2022,19.4,415.0,500.6,4127.37,0.08,32744.1,5.04,6,0.87,16879.52,122836.92,2.6,95.51,0.01,913.01,490.5,3294.94,01
2513,2513,Tue Aug 09 23:20:43 UTC 2022,19.84,478.0,401.47,3253.5,0.1,29514.23,7.64,6,0.75,14952.3,119892.05,3.88,61.56,0.01,667.78,391.67,2917.15,00
5920,5920,Tue Aug 09 23:28:57 UTC 2022,23.92,524.0,619.9,4980.83,0.08,36526.72,4.52,4,0.46,18389.31,129792.37,2.28,82.07,0.01,757.44,634.33,3608.02,11
7438,7438,Tue Aug 09 23:40:56 UTC 2022,15.11,405.0,747.51,4602.08,0.08,54757.04,5.64,4,0.59,27489.48,147427.26,2.84,114.01,0.01,1145.78,765.4,5366.52,01
9754,9754,Tue Aug 09 23:49:20 UTC 2022,10.55,381.0,741.93,8587.73,0.07,51126.61,4.39,5,0.79,25844.41,320854.49,2.22,119.62,0.01,977.17,735.83,5258.27,00
5420,5420,Tue Aug 09 23:55:43 UTC 2022,16.62,418.0,164.4,6946.1,0.03,9202.39,1.06,2,0.29,4611.96,180496.65,0.53,27.32,0.0,96.17,162.83,921.53,01
3628,3628,Wed Aug 10 00:04:29 UTC 2022,15.85,432.0,195.9,6031.9,0.03,13411.94,1.73,4,0.56,6734.17,210329.17,0.87,27.31,0.0,171.94,197.67,1340.28,01
6721,6721,Wed Aug 10 00:14:47 UTC 2022,12.46,294.0,1028.76,5315.43,0.1,83886.53,7.68,3,0.61,42091.84,233448.98,3.87,221.1,0.02,1620.0,1058.48,8250.2,01
9765,9765,Wed Aug 10 00:20:35 UTC 2022,9.62,306.0,406.86,6220.06,0.05,46164.71,4.96,4,0.78,23172.16,342791.37,2.49,92.98,0.01,804.51,413.83,4722.75,01
6499,6499,Wed Aug 10 00:25:43 UTC 2022,5.98,358.0,248.99,5713.9,0.04,5337.65,0.59,1,0.17,2678.55,87455.87,0.29,35.71,0.0,47.26,244.5,543.02,11
6243,6243,Wed Aug 10 00:31:43 UTC 2022,17.36,598.0,792.43,9360.37,0.07,43230.1,3.79,5,0.5,21821.74,249556.45,1.91,83.03,0.01,740.47,784.17,4449.83,11
6502,6502,Wed Aug 10 00:49:37 UTC 2022,9.75,304.0,228.03,3981.76,0.04,20749.34,4.37,5,0.99,10539.47,170503.42,2.23,46.29,0.01,318.75,225.67,2066.45,00
7436,7436,Wed Aug 10 00:56:17 UTC 2022,9.21,264.0,673.24,6348.69,0.06,77519.09,6.99,3,0.68,38787.73,311561.82,3.5,179.3,0.02,1744.55,669.17,7900.91,01
7431,7431,Wed Aug 10 01:00:43 UTC 2022,10.42,298.0,695.61,6610.39,0.09,72700.67,7.96,3,0.6,36418.39,283677.99,4.0,190.06,0.02,1691.88,740.31,6825.1,01
6722,6722,Wed Aug 10 01:05:43 UTC 2022,21.41,358.0,423.43,5522.48,0.06,32358.1,4.71,4,0.67,16290.84,186678.44,2.37,78.8,0.01,633.85,411.87,3163.58,01
7443,7443,Wed Aug 10 01:12:24 UTC 2022,8.88,737.0,641.73,9482.3,0.06,25270.34,2.28,4,0.33,12749.31,154659.65,1.16,63.02,0.01,446.7,631.0,2590.83,11
5546,5546,Wed Aug 10 01:33:44 UTC 2022,8.57,357.0,92.57,2848.17,0.04,7500.84,2.53,3,0.5,3810.08,108536.13,1.28,28.93,0.01,119.33,91.0,747.9,10
6734,6734,Wed Aug 10 01:39:43 UTC 2022,15.26,358.0,297.3,4741.08,0.04,19149.72,2.81,5,0.84,9804.47,152727.49,1.45,59.07,0.01,337.71,299.0,1939.11,01
6723,6723,Wed Aug 10 01:45:43 UTC 2022,17.85,418.0,418.86,4836.66,0.08,26257.03,4.43,3,0.43,13178.18,135364.02,2.23,70.59,0.01,487.89,415.37,2703.73,11
7371,7371,Wed Aug 10 01:57:01 UTC 2022,14.68,340.0,524.24,6881.9,0.04,34920.71,2.81,4,0.71,17558.12,308578.59,1.41,71.39,0.01,452.47,534.73,3514.59,11
9758,9758,Wed Aug 10 02:02:43 UTC 2022,13.5,418.0,995.03,6806.67,0.09,67966.22,5.36,4,0.57,34294.16,222106.51,2.71,171.18,0.01,1173.01,1009.2,6738.09,01
3153,3153,Wed Aug 10 02:09:43 UTC 2022,12.77,478.0,477.17,5151.35,0.07,35333.72,4.98,5,0.63,17841.34,184732.47,2.52,74.76,0.01,662.13,478.9,3624.1,00
6718,6718,Wed Aug 10 02:17:43 UTC 2022,23.25,598.0,649.13,7571.93,0.06,31300.33,2.85,4,0.4,15808.29,163838.13,1.44,80.49,0.01,557.16,651.0,3094.31,10
7441,7441,Wed Aug 10 02:30:11 UTC 2022,7.5,570.0,228.7,5124.57,0.06,11344.21,3.0,6,0.63,5761.05,117597.68,1.53,26.82,0.01,222.11,229.5,1167.37,00
6725,6725,Wed Aug 10 02:43:11 UTC 2022,18.87,510.0,524.13,5754.31,0.08,31204.24,3.5,5,0.59,15769.18,184669.65,1.78,64.28,0.01,643.53,528.17,3169.65,00
9750,9750,Wed Aug 10 02:52:43 UTC 2022,19.1,478.0,1574.97,6424.43,0.12,98240.08,7.36,3,0.38,49249.71,185704.02,3.69,249.14,0.02,1885.73,1592.73,9952.47,01
6732,6732,Wed Aug 10 03:01:29 UTC 2022,14.03,492.0,683.6,7808.6,0.06,46568.29,4.0,5,0.61,23569.51,261810.98,2.02,101.96,0.01,773.78,677.17,4613.66,11
6500,6500,Wed Aug 10 03:10:52 UTC 2022,12.07,469.0,495.23,8867.97,0.03,30305.76,2.09,5,0.64,15382.52,282176.29,1.06,64.74,0.0,423.45,494.17,3052.45,01
5425,5425,Wed Aug 10 03:21:37 UTC 2022,15.71,304.0,682.6,5112.13,0.09,73525.66,9.1,5,0.99,36994.74,251500.26,4.6,148.07,0.02,1865.13,657.17,7075.66,01
6491,6491,Wed Aug 10 03:26:43 UTC 2022,18.84,358.0,612.57,9158.93,0.09,50795.53,4.18,2,0.34,25466.82,251889.72,2.1,166.6,0.01,782.18,613.57,4912.63,01
2507,2507,Wed Aug 10 03:36:29 UTC 2022,18.96,552.0,932.33,9916.0,0.08,30127.17,2.55,2,0.22,15096.74,133343.48,1.28,93.42,0.01,592.39,958.33,3095.65,01
7957,7957,Wed Aug 10 03:48:10 UTC 2022,19.48,451.0,399.19,3738.2,0.05,19928.51,2.31,4,0.53,10066.16,85222.62,1.17,59.11,0.01,503.28,396.5,1962.04,01
9779,9779,Wed Aug 10 03:58:59 UTC 2022,8.76,282.0,230.88,5036.6,0.04,18494.47,2.49,3,0.64,9280.85,212974.47,1.25,50.7,0.01,251.7,230.11,1880.43,01
2514,2514,Wed Aug 10 04:03:43 UTC 2022,19.62,298.0,774.33,7788.54,0.06,77830.07,6.03,3,0.6,39178.39,308205.1,3.03,200.57,0.02,1267.05,783.69,7634.9,11
2504,2504,Wed Aug 10 04:14:11 UTC 2022,13.09,330.0,700.14,8659.58,0.07,74606.18,7.45,7,1.27,37895.27,462424.73,3.78,147.99,0.01,1904.0,692.9,7617.82,00
6239,6239,Wed Aug 10 04:20:20 UTC 2022,9.7,321.0,847.3,6528.67,0.07,92031.78,7.22,4,0.75,46248.6,322693.83,3.63,189.95,0.01,1637.38,853.67,9119.63,01
2517,2517,Wed Aug 10 04:27:39 UTC 2022,15.26,362.0,1118.1,6475.67,0.17,85380.66,12.56,4,0.66,43317.68,231933.48,6.35,259.08,0.03,2028.73,1110.17,8608.84,01
9752,9752,Wed Aug 10 04:36:09 UTC 2022,10.77,272.0,973.74,4003.33,0.1,92156.03,9.67,3,0.66,46114.85,179946.62,4.85,212.97,0.02,2163.31,972.33,9082.06,01
5420,5420,Wed Aug 10 04:40:43 UTC 2022,11.91,298.0,693.51,5455.12,0.08,44506.71,5.61,4,0.81,22298.66,221152.35,2.82,93.73,0.01,1099.33,743.9,4606.71,11
2516,2516,Wed Aug 10 04:45:43 UTC 2022,10.55,478.0,332.13,8059.47,0.04,18016.57,2.13,3,0.38,9056.99,203345.27,1.07,44.94,0.01,206.23,329.83,1789.21,11
9765,9765,Wed Aug 10 04:59:01 UTC 2022,8.16,280.0,349.84,4707.74,0.08,32289.0,7.22,4,0.86,16341.0,202296.0,3.64,82.57,0.02,492.21,346.07,3258.43,00
3131,3131,Wed Aug 10 05:03:43 UTC 2022,13.06,298.0,267.32,8071.74,0.03,28091.28,2.63,4,0.81,14228.05,382292.21,1.33,66.21,0.01,323.36,269.76,2816.38,10
9759,9759,Wed Aug 10 05:08:45 UTC 2022,18.57,476.0,1621.5,11950.75,0.11,118676.47,7.89,5,0.63,59861.34,429137.65,3.98,239.44,0.02,1993.49,1658.33,12102.1,01
4110,4110,Wed Aug 10 05:16:43 UTC 2022,15.92,538.0,1035.13,6808.03,0.12,44743.49,5.59,5,0.56,23020.82,137505.95,2.85,170.63,0.02,1692.94,1053.33,4678.44,01
6499,6499,Wed Aug 10 05:26:45 UTC 2022,9.02,536.0,603.43,10424.2,0.05,27392.91,2.16,4,0.45,13820.82,281322.09,1.09,58.2,0.0,315.22,592.5,2733.36,01
5132,5132,Wed Aug 10 05:45:43 UTC 2022,11.79,358.0,553.3,5473.2,0.09,31711.17,5.32,5,0.84,16287.15,164296.09,2.73,124.93,0.02,948.6,556.0,3212.85,01
1117,1117,Wed Aug 10 05:59:43 UTC 2022,18.0,418.0,326.39,6420.85,0.04,24306.32,2.83,4,0.57,12260.38,222220.48,1.43,54.24,0.01,312.49,328.03,2447.66,11
5430,5430,Wed Aug 10 06:09:01 UTC 2022,14.87,400.0,266.57,6548.13,0.03,18601.2,2.39,4,0.6,9355.2,233619.3,1.21,39.58,0.01,242.85,266.67,1863.3,01
6498,6498,Wed Aug 10 06:15:44 UTC 2022,13.83,417.0,596.53,6256.01,0.08,48945.32,5.95,4,0.58,24696.4,221692.66,3.01,116.47,0.01,756.83,590.83,4886.33,01
7435,7435,Wed Aug 10 06:43:18 UTC 2022,15.1,383.0,1339.0,9312.47,0.12,122127.42,11.08,5,0.78,61643.34,415657.44,5.59,224.55,0.02,2055.35,1348.33,12245.95,10
6232,6232,Wed Aug 10 06:49:43 UTC 2022,10.24,418.0,1527.56,12109.55,0.12,116974.16,7.43,4,0.57,58935.22,403773.01,3.75,315.54,0.02,2331.39,1556.87,11288.33,01
5424,5424,Wed Aug 10 07:00:32 UTC 2022,9.5,369.0,291.87,6219.21,0.05,14026.02,2.78,2,0.33,7110.57,125290.73,1.4,67.98,0.01,190.24,288.67,1373.98,01
7436,7436,Wed Aug 10 07:10:23 UTC 2022,9.01,258.0,197.28,3860.23,0.07,23634.88,8.57,4,0.93,11878.6,226513.95,4.31,48.7,0.02,350.7,199.06,2358.14,00
6243,6243,Wed Aug 10 07:32:23 UTC 2022,10.82,498.0,195.17,3940.6,0.04,9668.67,1.92,5,0.6,4920.48,92306.75,0.98,26.41,0.01,172.29,194.83,965.06,00
3132,3132,Wed Aug 10 07:41:58 UTC 2022,17.64,463.0,507.63,8466.9,0.04,28682.85,2.06,4,0.52,14517.15,252636.03,1.04,69.77,0.0,361.04,505.5,2908.25,01
7437,7437,Wed Aug 10 07:51:01 UTC 2022,10.92,460.0,324.63,4073.8,0.05,18675.65,2.75,4,0.52,9466.96,108870.78,1.39,48.22,0.01,241.3,328.33,1909.57,01
6734,6734,Wed Aug 10 08:02:08 UTC 2022,11.16,333.0,419.63,9517.37,0.03,38745.95,2.38,5,0.9,19610.81,447559.64,1.21,77.08,0.01,495.5,417.83,3904.5,00
6244,6244,Wed Aug 10 08:13:43 UTC 2022,19.62,118.0,113.61,2181.7,0.04,13418.64,4.28,2,1.02,6732.2,124264.07,2.16,49.46,0.02,183.05,116.09,1332.2,00
6493,6493,Wed Aug 10 08:15:44 UTC 2022,14.02,477.0,127.77,5608.7,0.02,7905.66,1.2,3,0.38,3992.45,126845.03,0.61,25.0,0.0,115.72,130.5,800.0,01
2511,2511,Wed Aug 10 08:23:49 UTC 2022,19.57,532.0,408.69,6542.99,0.05,21118.42,2.49,4,0.45,10670.53,168812.71,1.26,50.38,0.01,272.59,410.17,2120.75,01
5920,5920,Wed Aug 10 08:35:16 UTC 2022,17.65,445.0,536.77,6024.41,0.06,35072.36,3.79,5,0.67,17754.61,162542.29,1.93,87.46,0.01,748.99,552.83,3595.96,11
6720,6720,Wed Aug 10 08:44:20 UTC 2022,14.28,381.0,827.09,6679.27,0.07,39851.65,3.59,3,0.47,20042.2,207288.19,1.8,96.32,0.01,613.54,834.33,4069.29,01
2507,2507,Wed Aug 10 08:59:05 UTC 2022,12.15,396.0,10.07,331.07,0.01,846.97,0.33,1,0.15,427.27,12365.15,0.17,8.38,0.0,12.12,9.83,83.33,10
9754,9754,Wed Aug 10 09:07:17 UTC 2022,13.71,384.0,385.67,4031.17,0.05,18865.94,2.73,5,0.78,9567.19,102709.38,1.4,48.95,0.01,532.03,387.07,1821.88,01
6502,6502,Wed Aug 10 09:14:54 UTC 2022,11.91,347.0,491.17,6862.3,0.06,40554.81,4.79,4,0.69,20530.03,253566.57,2.44,118.1,0.01,1022.07,500.5,4179.6,01
6732,6732,Wed Aug 10 09:21:29 UTC 2022,8.55,312.0,1675.23,6160.81,0.12,158201.92,10.98,3,0.58,79303.85,260566.15,5.51,368.56,0.03,2925.0,1656.67,15532.69,01
3153,3153,Wed Aug 10 09:26:43 UTC 2022,13.09,358.0,524.61,6493.86,0.07,18550.39,2.4,2,0.34,9325.81,143700.34,1.21,70.67,0.01,207.32,500.73,1846.26,11
6721,6721,Wed Aug 10 09:37:59 UTC 2022,15.61,342.0,513.37,5962.89,0.08,47411.58,8.04,6,1.05,23951.58,247918.6,4.08,93.91,0.02,993.16,512.4,4649.82,00
7431,7431,Wed Aug 10 09:43:43 UTC 2022,12.84,358.0,670.93,5605.29,0.07,56633.63,5.77,2,0.34,28368.94,200761.34,2.89,158.38,0.02,788.72,677.7,5509.61,11
7441,7441,Wed Aug 10 09:49:43 UTC 2022,9.12,418.0,241.3,4938.87,0.05,15502.39,2.87,5,0.72,7853.11,170387.08,1.46,35.88,0.01,274.88,240.17,1550.24,01
2505,2505,Wed Aug 10 09:59:18 UTC 2022,14.58,383.0,258.7,5481.43,0.04,18842.82,2.74,5,0.78,9553.0,202018.59,1.39,39.06,0.01,257.7,259.5,1898.69,01
7442,7442,Wed Aug 10 10:12:43 UTC 2022,8.28,118.0,147.19,3210.57,0.07,14089.83,7.02,2,1.02,7116.61,147978.31,3.52,78.06,0.04,275.59,150.09,1422.71,10
7443,7443,Wed Aug 10 10:14:43 UTC 2022,10.07,418.0,626.23,6367.57,0.07,38072.73,4.06,2,0.29,19148.33,134514.55,2.04,193.75,0.02,774.4,628.5,3889.95,01
233,233,Wed Aug 10 10:23:22 UTC 2022,6.5,559.0,151.97,7169.7,0.02,5837.92,0.82,4,0.43,2979.61,114563.51,0.42,21.14,0.0,106.26,153.0,602.15,01
6499,6499,Wed Aug 10 10:38:32 UTC 2022,8.51,549.0,415.9,5956.97,0.04,16827.32,1.78,5,0.55,8698.36,127773.55,0.92,64.08,0.01,342.62,411.33,1716.94,00
6500,6500,Wed Aug 10 10:50:21 UTC 2022,9.37,440.0,989.23,8344.74,0.07,71646.27,5.37,5,0.68,36051.55,306958.91,2.7,132.1,0.01,1328.18,1011.17,7047.27,01
5425,5425,Wed Aug 10 11:00:45 UTC 2022,13.26,296.0,592.02,4414.17,0.12,44290.54,7.84,2,0.41,22250.68,188301.08,3.96,123.97,0.02,740.88,598.14,4343.92,01
9758,9758,Wed Aug 10 11:05:43 UTC 2022,15.23,298.0,1015.72,7596.48,0.08,107901.34,8.38,2,0.4,54060.4,300227.52,4.2,321.48,0.03,1814.09,1039.83,10250.34,01
5427,5427,Wed Aug 10 11:12:03 UTC 2022,14.68,518.0,811.53,5533.17,0.11,46994.59,6.06,5,0.58,23793.82,139277.14,3.09,124.29,0.02,1146.14,820.5,4686.49,01
6725,6725,Wed Aug 10 11:23:40 UTC 2022,10.99,361.0,446.77,5803.07,0.07,35402.99,5.12,5,0.83,17879.34,221436.23,2.58,81.16,0.01,826.87,456.0,3462.71,11
9765,9765,Wed Aug 10 11:41:26 UTC 2022,10.79,315.0,366.93,4683.88,0.05,33986.67,4.54,4,0.76,17215.24,225083.43,2.3,79.75,0.01,424.76,369.83,3430.48,11
7434,7434,Wed Aug 10 11:46:43 UTC 2022,16.51,358.0,142.33,6668.8,0.02,6323.46,1.11,4,0.67,3229.61,137881.68,0.57,25.59,0.0,152.51,142.0,640.22,11
5426,5426,Wed Aug 10 11:56:02 UTC 2022,21.12,519.0,514.63,5654.5,0.07,24904.97,3.53,4,0.46,12588.44,120426.59,1.78,70.34,0.01,477.57,514.5,2461.5,01
6723,6723,Wed Aug 10 12:05:21 UTC 2022,16.51,500.0,357.03,3733.81,0.06,19382.4,3.46,5,0.6,9854.4,96775.68,1.77,46.92,0.01,295.8,359.83,1976.4,11
5420,5420,Wed Aug 10 12:14:09 UTC 2022,17.42,512.0,699.67,6868.13,0.08,39089.77,3.95,2,0.23,19570.55,162631.64,1.98,108.52,0.01,683.55,718.83,3712.97,01
7438,7438,Wed Aug 10 12:37:12 UTC 2022,16.43,389.0,207.47,5065.45,0.06,13238.56,4.35,5,0.77,6717.22,145924.32,2.22,35.37,0.01,267.61,209.67,1337.28,01
6244,6244,Wed Aug 10 12:45:41 UTC 2022,7.73,300.0,406.57,6708.83,0.03,44282.0,3.9,6,1.2,22492.0,361592.0,1.97,83.79,0.01,617.0,403.67,4468.0,00
5430,5430,Wed Aug 10 12:51:46 UTC 2022,11.8,295.0,472.76,6911.95,0.04,46570.17,4.03,4,0.81,23561.9,350598.51,2.04,98.69,0.01,558.51,476.88,4626.71,11
2514,2514,Wed Aug 10 12:56:43 UTC 2022,17.48,358.0,284.6,5473.57,0.05,19344.13,4.05,4,0.67,9814.53,188029.61,2.05,48.57,0.01,318.44,280.83,1910.61,01
7436,7436,Wed Aug 10 13:07:20 UTC 2022,8.57,261.0,315.79,7020.31,0.05,36654.25,6.0,5,1.15,18482.3,407386.21,3.03,75.43,0.01,575.86,317.58,3687.36,01
6722,6722,Wed Aug 10 13:11:43 UTC 2022,20.34,298.0,986.52,6949.16,0.12,90431.68,9.45,3,0.6,45331.01,286527.79,4.75,254.5,0.03,2075.23,960.1,8485.37,11
3628,3628,Wed Aug 10 13:22:00 UTC 2022,10.04,341.0,163.15,4560.87,0.03,14471.79,2.95,6,1.06,7341.11,185905.69,1.51,30.84,0.01,252.14,162.03,1470.26,00
6491,6491,Wed Aug 10 13:27:43 UTC 2022,13.42,358.0,512.33,6291.12,0.06,46598.88,5.78,6,1.01,23666.48,234555.42,2.97,103.48,0.01,981.28,522.17,4712.85,01
6232,6232,Wed Aug 10 13:33:43 UTC 2022,8.2,658.0,866.6,7130.53,0.1,38493.19,4.55,3,0.27,19266.38,163502.01,2.28,73.68,0.01,1070.24,889.5,3755.93,11
7957,7957,Wed Aug 10 13:56:58 UTC 2022,15.32,343.0,359.5,6841.99,0.04,16978.43,1.94,2,0.35,8585.42,189713.7,0.99,57.54,0.01,195.04,362.17,1726.53,11
5546,5546,Wed Aug 10 14:23:43 UTC 2022,7.92,178.0,377.99,2935.03,0.1,41034.61,10.48,2,0.67,20930.56,147802.25,5.33,216.5,0.04,698.09,380.86,4126.52,00
9759,9759,Wed Aug 10 14:26:43 UTC 2022,10.12,538.0,203.43,3910.4,0.04,10523.42,2.18,4,0.45,5347.58,94270.26,1.11,29.99,0.01,146.1,206.17,1073.98,11
6243,6243,Wed Aug 10 14:37:32 UTC 2022,9.59,489.0,700.07,8693.83,0.05,41085.89,3.25,5,0.61,20846.63,237961.96,1.65,94.05,0.01,749.08,687.83,4099.63,01
6490,6490,Wed Aug 10 14:52:25 UTC 2022,16.15,376.0,83.67,1280.53,0.05,4061.17,1.13,1,0.16,2063.3,29751.06,0.57,42.99,0.01,55.85,81.0,387.77,00
6239,6239,Wed Aug 10 14:58:45 UTC 2022,12.6,416.0,605.73,7963.33,0.07,40236.06,4.43,3,0.43,20273.08,215183.08,2.23,114.85,0.01,630.29,621.0,3941.83,11
6734,6734,Wed Aug 10 15:07:04 UTC 2022,11.54,337.0,361.37,4169.53,0.05,28778.64,4.26,4,0.71,14549.55,181969.85,2.15,63.74,0.01,361.42,361.17,2889.61,00
9779,9779,Wed Aug 10 15:14:28 UTC 2022,11.58,313.0,324.37,2405.53,0.09,12331.63,4.58,4,0.77,6256.87,77195.27,2.33,39.34,0.01,212.78,304.67,1217.25,00
3131,3131,Wed Aug 10 15:19:43 UTC 2022,15.78,358.0,317.77,5235.4,0.06,20440.22,3.39,4,0.67,10389.39,165948.6,1.74,61.47,0.01,309.22,319.67,2111.73,11
6732,6732,Wed Aug 10 15:50:35 UTC 2022,8.44,366.0,256.47,2220.53,0.09,24331.15,8.28,4,0.66,12236.07,91616.72,4.18,50.49,0.02,477.87,259.67,2344.26,11
9750,9750,Wed Aug 10 15:56:43 UTC 2022,23.87,418.0,826.8,5199.13,0.09,60624.4,6.31,3,0.43,30518.18,153993.3,3.18,199.54,0.02,1397.37,853.5,6156.46,01
3153,3153,Wed Aug 10 16:05:09 UTC 2022,12.7,512.0,591.83,6912.4,0.07,39021.09,4.4,6,0.7,19754.77,227044.92,2.24,76.94,0.01,809.65,600.83,4055.86,00
4110,4110,Wed Aug 10 16:14:34 UTC 2022,13.15,487.0,763.8,8397.7,0.06,49484.6,3.87,4,0.49,24901.85,262204.68,1.94,103.41,0.01,887.06,787.33,4774.13,01
6721,6721,Wed Aug 10 16:27:06 UTC 2022,10.8,275.0,758.84,5773.34,0.07,85025.45,7.72,4,0.87,42892.36,316092.65,3.9,208.66,0.02,1411.64,766.55,8349.82,01
2507,2507,Wed Aug 10 16:39:03 UTC 2022,16.11,458.0,210.77,2866.63,0.06,10779.56,3.43,4,0.52,5461.57,64155.46,1.74,31.65,0.01,172.66,211.83,1101.48,00
9754,9754,Wed Aug 10 16:49:28 UTC 2022,11.04,373.0,398.43,2903.96,0.06,21267.35,3.12,4,0.64,10710.88,104646.43,1.57,48.47,0.01,293.89,395.37,2134.58,01
2517,2517,Wed Aug 10 17:20:43 UTC 2022,24.67,418.0,418.0,3908.02,0.08,25007.66,4.56,3,0.43,12627.27,85285.26,2.3,92.9,0.02,564.11,431.17,2484.69,11
9758,9758,Wed Aug 10 17:39:44 UTC 2022,14.23,477.0,215.9,4389.37,0.05,15720.75,3.52,7,0.88,7969.81,162973.84,1.8,26.46,0.01,279.25,217.17,1582.39,01
6502,6502,Wed Aug 10 17:51:21 UTC 2022,11.1,320.0,282.67,3941.99,0.05,28977.0,4.78,6,1.13,14689.88,196011.0,2.42,58.79,0.01,474.19,284.5,2917.13,01
2516,2516,Wed Aug 10 17:56:43 UTC 2022,19.23,358.0,201.23,2830.14,0.06,13890.5,4.26,5,0.84,7059.22,97002.57,2.18,36.6,0.01,279.05,200.5,1407.82,00
5425,5425,Wed Aug 10 18:05:06 UTC 2022,10.8,275.0,242.79,4506.49,0.04,24645.82,3.76,5,1.09,12438.55,242872.58,1.9,52.47,0.01,394.91,242.36,2452.36,01
9765,9765,Wed Aug 10 18:10:28 UTC 2022,10.15,313.0,343.06,3291.25,0.07,30004.6,6.07,3,0.58,15079.74,132418.66,3.06,87.2,0.02,609.78,356.83,2993.48,11
6718,6718,Wed Aug 10 18:15:43 UTC 2022,11.06,358.0,237.03,5248.4,0.03,17013.18,2.1,3,0.5,8572.96,165855.75,1.06,46.24,0.01,201.79,238.33,1696.09,11
6720,6720,Wed Aug 10 18:24:21 UTC 2022,7.69,260.0,205.13,2918.79,0.07,20083.85,6.4,5,1.15,10190.77,150602.77,3.26,52.3,0.02,361.15,205.38,2030.77,10
6499,6499,Wed Aug 10 18:28:43 UTC 2022,10.3,298.0,733.28,5238.77,0.13,73735.57,9.37,4,0.81,37143.62,240981.74,4.73,203.28,0.03,1793.96,748.64,7608.72,01
9752,9752,Wed Aug 10 18:38:01 UTC 2022,11.53,280.0,407.44,4635.56,0.07,41631.43,4.84,4,0.86,21098.57,234186.86,2.48,109.72,0.01,563.57,407.32,4155.0,00
5420,5420,Wed Aug 10 18:48:43 UTC 2022,14.23,418.0,668.23,4692.22,0.13,41641.15,7.68,3,0.43,20850.72,163421.05,3.85,90.04,0.02,976.08,679.5,4187.08,11
7371,7371,Wed Aug 10 19:01:14 UTC 2022,8.39,267.0,153.43,3295.96,0.06,13899.33,4.6,5,1.12,7044.94,141959.55,2.38,37.83,0.02,260.67,153.62,1395.96,10
7431,7431,Wed Aug 10 19:05:43 UTC 2022,13.08,298.0,236.76,3343.0,0.05,22175.03,4.72,4,0.81,11166.44,129960.4,2.38,47.34,0.01,279.26,237.69,2236.91,11
9785,9785,Wed Aug 10 19:12:23 UTC 2022,18.48,378.0,358.13,4355.65,0.06,23414.29,3.82,4,0.63,11868.25,135672.38,1.95,62.14,0.01,328.57,358.5,2366.67,11
5132,5132,Wed Aug 10 19:18:43 UTC 2022,18.81,418.0,201.04,5105.44,0.09,9555.79,4.81,3,0.43,4836.46,91411.58,2.47,40.54,0.02,176.27,200.4,929.28,01
7435,7435,Wed Aug 10 19:27:22 UTC 2022,15.95,439.0,398.32,6225.09,0.05,25510.52,3.52,5,0.68,12875.26,205447.65,1.78,50.97,0.01,385.42,395.47,2559.64,01
7443,7443,Wed Aug 10 19:34:43 UTC 2022,6.56,538.0,600.49,5428.8,0.1,32316.36,4.65,4,0.45,16238.14,136150.04,2.36,89.7,0.01,1035.72,610.2,3380.52,11
7441,7441,Wed Aug 10 19:44:55 UTC 2022,10.71,586.0,186.63,5086.47,0.04,7996.59,1.54,3,0.31,4039.25,86711.06,0.78,25.33,0.01,103.92,188.17,808.87,01
5427,5427,Wed Aug 10 19:57:14 UTC 2022,10.21,447.0,203.27,2923.5,0.06,9812.35,2.54,5,0.67,4999.46,74470.6,1.3,28.63,0.01,178.52,202.83,995.17,01
3628,3628,Wed Aug 10 20:08:37 UTC 2022,9.48,304.0,397.8,3119.63,0.11,21862.5,5.73,4,0.79,11242.11,93867.63,2.94,121.75,0.02,946.38,400.67,2356.58,11
7436,7436,Wed Aug 10 20:14:12 UTC 2022,9.63,269.0,531.41,4077.68,0.07,50698.88,7.21,4,0.89,25447.58,197729.67,3.63,102.94,0.02,1041.64,542.04,4831.23,11
233,233,Wed Aug 10 20:18:43 UTC 2022,9.59,298.0,411.63,4368.51,0.07,27430.47,4.32,4,0.81,13797.58,199819.33,2.18,64.73,0.01,426.64,393.8,2760.0,11
9759,9759,Wed Aug 10 20:38:43 UTC 2022,8.03,358.0,809.73,6676.85,0.17,46477.21,13.5,6,1.01,24248.38,209657.09,6.89,196.11,0.03,2048.38,842.83,5148.94,01
6498,6498,Wed Aug 10 20:44:43 UTC 2022,13.85,478.0,583.43,6522.83,0.07,40717.15,5.15,4,0.5,20464.77,223550.71,2.6,92.81,0.01,731.3,585.0,4178.16,01
6493,6493,Wed Aug 10 20:54:46 UTC 2022,12.14,475.0,525.47,6118.27,0.06,31446.32,3.45,5,0.63,15930.95,178417.52,1.75,77.55,0.01,629.05,535.17,3031.58,11
6723,6723,Wed Aug 10 21:20:43 UTC 2022,10.94,358.0,179.1,2701.71,0.08,12412.29,5.51,3,0.5,6222.91,81291.96,2.77,31.4,0.01,166.76,177.5,1245.25,01
6232,6232,Wed Aug 10 21:26:43 UTC 2022,8.97,478.0,985.23,7063.96,0.1,57320.08,5.41,3,0.38,28753.56,202962.18,2.71,144.15,0.01,1126.57,979.5,5510.46,11
3132,3132,Wed Aug 10 21:47:43 UTC 2022,18.82,418.0,695.07,5172.41,0.08,57676.08,6.65,5,0.72,29124.4,203474.07,3.37,105.53,0.01,1064.35,709.17,5773.21,11
2505,2505,Wed Aug 10 21:56:07 UTC 2022,13.75,394.0,861.33,3777.71,0.1,70174.11,7.96,3,0.46,35173.1,125098.78,3.99,174.54,0.02,1666.75,882.33,7005.08,01
5920,5920,Wed Aug 10 22:02:43 UTC 2022,25.53,418.0,684.14,3061.26,0.1,53666.99,8.13,5,0.72,26972.15,106959.9,4.1,111.19,0.02,1520.81,677.33,5604.98,00
7437,7437,Wed Aug 10 22:12:22 UTC 2022,13.37,499.0,414.8,7318.5,0.05,27481.92,3.45,4,0.48,13807.21,245140.28,1.73,50.92,0.01,318.76,419.0,2778.04,01
7442,7442,Wed Aug 10 22:27:32 UTC 2022,9.88,309.0,303.37,7547.35,0.04,24813.59,2.3,7,1.36,12745.63,313024.47,1.19,62.88,0.01,516.5,303.33,2543.69,01
6239,6239,Wed Aug 10 22:34:00 UTC 2022,7.15,281.0,738.97,5357.45,0.07,73663.35,7.49,4,0.85,37200.0,259334.95,3.77,171.14,0.02,1101.78,755.18,7362.28,11
7443,7443,Wed Aug 10 22:38:43 UTC 2022,4.35,298.0,273.4,4513.67,0.06,29190.6,6.04,5,1.01,14758.39,239553.02,3.05,59.24,0.01,499.33,272.68,2929.53,00
6244,6244,Wed Aug 10 22:59:43 UTC 2022,17.35,178.0,619.11,4452.57,0.09,73392.13,10.04,1,0.34,36711.24,208361.8,5.03,333.74,0.05,1233.71,656.57,7092.13,10
6721,6721,Wed Aug 10 23:06:01 UTC 2022,9.73,280.0,328.43,6390.85,0.05,35535.0,4.26,4,0.86,18021.43,328395.0,2.15,89.11,0.01,487.5,325.89,3544.29,01
9779,9779,Wed Aug 10 23:19:53 UTC 2022,8.26,288.0,359.12,3755.43,0.08,41042.92,9.55,4,0.83,20619.17,205884.58,4.79,83.25,0.02,948.75,383.26,4330.42,10
2514,2514,Wed Aug 10 23:31:44 UTC 2022,20.59,357.0,221.1,3384.64,0.05,15179.83,3.6,4,0.67,7702.52,99127.73,1.82,46.38,0.01,241.18,222.17,1564.71,11
6499,6499,Wed Aug 10 23:42:32 UTC 2022,8.17,429.0,414.19,6863.15,0.06,30933.15,4.94,5,0.7,15679.16,254286.43,2.5,62.95,0.01,416.78,412.1,3130.35,10
2507,2507,Wed Aug 10 23:57:44 UTC 2022,16.15,357.0,112.13,5214.35,0.02,9443.7,1.46,4,0.67,4766.39,178344.2,0.74,22.43,0.0,121.01,113.5,957.98,11
3153,3153,Thu Aug 11 00:03:43 UTC 2022,13.69,538.0,236.53,4773.39,0.05,7172.57,1.52,3,0.33,3653.31,58934.5,0.77,33.23,0.01,142.3,239.0,724.24,11
5420,5420,Thu Aug 11 00:15:36 UTC 2022,12.97,425.0,251.2,6075.8,0.04,17284.24,3.01,4,0.56,8682.35,200273.79,1.51,37.71,0.01,238.59,254.83,1725.18,01
7436,7436,Thu Aug 11 00:26:31 UTC 2022,5.78,250.0,110.86,3033.85,0.03,8700.96,2.3,3,0.72,4402.56,113760.96,1.16,30.67,0.01,133.68,110.2,879.84,01
5426,5426,Thu Aug 11 00:30:43 UTC 2022,20.12,298.0,597.29,4085.15,0.11,39076.51,8.43,3,0.6,19614.77,147084.56,4.24,114.04,0.02,1473.83,583.73,3831.54,11
9758,9758,Thu Aug 11 00:37:26 UTC 2022,14.7,435.0,207.73,4275.15,0.05,13771.03,3.88,5,0.69,6953.1,139146.21,1.96,27.97,0.01,204.14,209.17,1398.62,01
5424,5424,Thu Aug 11 00:45:55 UTC 2022,13.73,406.0,285.51,4191.4,0.05,24306.8,4.17,6,0.89,12313.89,172756.85,2.12,47.51,0.01,374.78,286.9,2443.45,01
9750,9750,Thu Aug 11 00:52:43 UTC 2022,18.04,418.0,58.6,1804.63,0.03,2547.85,1.76,2,0.29,1280.38,32712.34,0.88,9.31,0.01,37.32,56.17,252.63,10
6732,6732,Thu Aug 11 01:01:50 UTC 2022,11.35,411.0,227.89,3693.68,0.04,16175.77,2.96,5,0.73,8201.75,114378.39,1.51,38.34,0.01,256.93,228.83,1641.75,10
6502,6502,Thu Aug 11 01:11:36 UTC 2022,9.04,305.0,169.1,4605.25,0.04,14754.1,3.05,5,0.98,7475.41,201880.92,1.54,39.03,0.01,281.31,168.83,1497.05,01
7371,7371,Thu Aug 11 01:17:47 UTC 2022,10.64,294.0,317.29,2715.74,0.09,37779.59,10.39,3,0.61,18928.57,100521.63,5.21,96.73,0.03,934.69,324.24,3869.39,00
6490,6490,Thu Aug 11 01:22:43 UTC 2022,18.48,358.0,280.8,4082.81,0.04,24345.25,3.86,3,0.5,12239.66,164824.36,1.94,54.68,0.01,246.37,283.33,2441.9,01
7434,7434,Thu Aug 11 01:28:43 UTC 2022,14.99,418.0,713.57,5075.07,0.11,43137.7,6.04,3,0.43,21623.83,162666.03,3.03,108.08,0.02,940.62,740.57,4409.57,01
6718,6718,Thu Aug 11 01:36:52 UTC 2022,13.79,529.0,285.0,4886.53,0.05,17561.06,3.07,5,0.57,8840.08,142423.44,1.55,36.76,0.01,407.75,288.5,1773.91,01
5425,5425,Thu Aug 11 01:50:53 UTC 2022,12.41,288.0,134.19,2865.26,0.04,11718.33,3.39,5,1.04,5950.83,125491.67,1.73,32.63,0.01,228.13,134.0,1184.58,11
6491,6491,Thu Aug 11 01:55:43 UTC 2022,15.46,298.0,144.35,3518.36,0.04,11575.17,2.67,3,0.6,5846.98,131297.32,1.35,40.49,0.01,198.32,144.75,1141.61,11
9754,9754,Thu Aug 11 02:05:39 UTC 2022,13.24,422.0,164.63,4042.33,0.04,9560.19,2.45,4,0.57,4811.37,110153.74,1.23,24.88,0.01,156.4,167.17,982.46,01
6500,6500,Thu Aug 11 02:21:11 UTC 2022,9.78,450.0,263.53,3362.93,0.05,7688.0,1.38,3,0.4,3926.67,48965.87,0.71,42.39,0.01,165.33,265.17,808.0,01
2504,2504,Thu Aug 11 02:30:42 UTC 2022,14.89,359.0,189.27,3349.13,0.06,15491.36,4.79,4,0.67,7793.31,137015.6,2.41,33.38,0.01,222.28,188.5,1550.97,01
3628,3628,Thu Aug 11 02:49:04 UTC 2022,9.87,337.0,353.47,6211.17,0.05,32894.96,4.59,5,0.89,16678.93,290816.97,2.35,67.85,0.01,445.1,349.17,3320.47,00
7441,7441,Thu Aug 11 03:10:41 UTC 2022,8.53,420.0,45.67,2743.5,0.02,3281.43,0.78,1,0.14,1650.0,44881.71,0.39,28.95,0.01,44.29,45.33,327.14,00
4110,4110,Thu Aug 11 03:17:43 UTC 2022,13.42,478.0,129.83,3838.27,0.03,7084.52,1.56,4,0.5,3579.92,98925.94,0.79,20.8,0.0,123.01,131.33,720.5,01
6243,6243,Thu Aug 11 03:26:50 UTC 2022,8.47,411.0,455.67,5244.39,0.08,17941.61,3.37,4,0.58,9248.18,119749.49,1.73,86.72,0.01,589.05,464.0,1813.14,00
6232,6232,Thu Aug 11 03:33:43 UTC 2022,7.84,478.0,181.0,4260.73,0.04,11545.61,2.51,4,0.5,5826.78,113623.43,1.27,28.03,0.01,162.55,180.5,1171.13,10
5132,5132,Thu Aug 11 03:47:13 UTC 2022,12.92,388.0,28.33,956.7,0.03,2474.23,1.68,2,0.31,1240.21,34071.65,0.85,13.24,0.01,55.67,28.17,245.88,00
9759,9759,Thu Aug 11 04:14:21 UTC 2022,9.0,320.0,120.73,2792.99,0.03,8737.5,2.18,4,0.75,4415.63,84503.25,1.1,26.36,0.01,153.75,121.0,877.5,01
6734,6734,Thu Aug 11 04:20:18 UTC 2022,11.9,323.0,416.3,4504.92,0.06,45653.87,6.84,4,0.74,22917.03,243147.49,3.44,85.04,0.01,701.24,411.83,4606.81,11
2517,2517,Thu Aug 11 04:25:44 UTC 2022,20.37,357.0,68.3,1699.21,0.03,4263.87,1.83,3,0.5,2139.5,45270.59,0.92,13.79,0.01,68.91,66.67,428.57,11
6722,6722,Thu Aug 11 04:31:43 UTC 2022,23.42,538.0,248.57,4607.91,0.04,11027.51,1.72,3,0.33,5552.79,95398.44,0.87,29.38,0.0,129.37,251.5,1095.17,11
6723,6723,Thu Aug 11 05:37:43 UTC 2022,14.18,478.0,262.07,5999.13,0.05,15138.08,2.35,3,0.38,7623.01,165490.79,1.18,40.44,0.01,178.24,263.0,1527.62,01
9765,9765,Thu Aug 11 05:49:29 UTC 2022,10.49,312.0,378.47,6370.92,0.06,30526.92,4.8,5,0.96,15609.62,253931.54,2.44,91.99,0.01,521.15,376.33,3107.69,01
9752,9752,Thu Aug 11 05:55:37 UTC 2022,12.61,304.0,152.67,3151.87,0.02,12576.32,1.49,4,0.79,6371.05,120414.47,0.75,35.68,0.0,178.62,153.5,1269.08,10
2516,2516,Thu Aug 11 06:06:44 UTC 2022,18.74,237.0,278.32,3899.71,0.07,23098.73,6.13,3,0.76,11635.44,140905.32,3.1,83.02,0.02,756.96,277.66,2298.73,11
3153,3153,Thu Aug 11 06:10:43 UTC 2022,11.73,478.0,385.61,5779.14,0.05,23255.9,2.54,4,0.5,11744.18,175827.36,1.28,54.62,0.01,276.9,387.0,2335.98,01
3134,3134,Thu Aug 11 06:29:43 UTC 2022,20.32,478.0,197.09,6478.95,0.03,13520.08,2.13,3,0.38,6785.02,180180.0,1.07,30.74,0.0,146.11,197.87,1356.15,11
5420,5420,Thu Aug 11 06:41:18 UTC 2022,14.97,503.0,76.1,1835.81,0.04,4622.27,2.37,4,0.48,2334.39,45016.22,1.2,11.88,0.01,64.41,76.17,460.44,00
2513,2513,Thu Aug 11 06:49:43 UTC 2022,22.39,538.0,165.8,3978.77,0.04,8746.84,1.92,3,0.33,4392.94,101197.25,0.96,19.61,0.0,91.45,167.33,877.7,01
3131,3131,Thu Aug 11 07:01:26 UTC 2022,8.27,375.0,321.33,5814.9,0.05,26462.4,3.77,4,0.64,13281.6,225355.2,1.9,54.52,0.01,360.0,321.67,2646.4,01
7435,7435,Thu Aug 11 07:15:43 UTC 2022,17.68,418.0,391.93,3935.95,0.09,30653.11,7.09,4,0.57,15407.66,130470.14,3.57,61.96,0.02,551.91,403.5,3120.57,01
2507,2507,Thu Aug 11 07:34:43 UTC 2022,16.98,418.0,523.23,4982.73,0.1,40307.66,6.27,4,0.57,20316.75,180973.21,3.16,104.03,0.02,742.11,538.83,3927.27,01
6732,6732,Thu Aug 11 07:44:47 UTC 2022,9.48,354.0,203.63,5287.83,0.03,14707.12,2.0,4,0.68,7416.61,180938.98,1.01,36.35,0.0,207.12,203.33,1501.36,11
5424,5424,Thu Aug 11 07:50:43 UTC 2022,11.63,418.0,333.23,4747.0,0.07,23276.56,4.1,3,0.43,11689.95,138384.69,2.06,60.87,0.01,401.2,342.33,2296.65,01
7436,7436,Thu Aug 11 08:01:51 UTC 2022,11.12,290.0,181.99,2344.16,0.06,21707.59,7.47,5,1.03,10905.52,130612.97,3.77,42.61,0.01,538.97,176.03,2102.07,10
7957,7957,Thu Aug 11 08:06:43 UTC 2022,16.72,298.0,290.3,6318.14,0.03,25699.33,2.91,3,0.6,12958.39,259828.99,1.47,72.87,0.01,293.96,292.03,2601.34,01
7438,7438,Thu Aug 11 08:12:47 UTC 2022,20.39,414.0,354.7,5701.8,0.05,26250.72,3.32,4,0.58,13286.96,188924.35,1.68,60.3,0.01,333.33,356.0,2647.83,01
6720,6720,Thu Aug 11 08:22:02 UTC 2022,12.03,339.0,459.37,7121.2,0.05,32008.85,2.89,4,0.71,16258.41,243617.7,1.47,93.5,0.01,458.41,458.5,3288.5,01
5427,5427,Thu Aug 11 08:27:43 UTC 2022,14.7,358.0,190.01,4763.25,0.04,13221.12,2.72,3,0.5,6673.07,133323.69,1.39,40.3,0.01,172.96,189.5,1294.86,00
233,233,Thu Aug 11 08:37:50 UTC 2022,6.72,291.0,135.14,2797.24,0.04,8220.62,2.63,4,0.82,4169.07,80260.21,1.35,28.33,0.01,152.58,134.66,830.93,11
6244,6244,Thu Aug 11 08:45:42 UTC 2022,16.57,419.0,154.43,5754.9,0.03,4467.78,0.76,3,0.43,2304.06,76971.84,0.4,29.49,0.01,105.97,153.83,453.94,11
5426,5426,Thu Aug 11 08:53:42 UTC 2022,15.46,419.0,240.3,6465.1,0.04,13463.48,1.92,5,0.72,6872.08,174680.48,0.98,39.01,0.01,239.14,241.5,1376.13,11
2505,2505,Thu Aug 11 09:00:43 UTC 2022,13.86,418.0,298.3,4682.4,0.04,24842.58,3.51,4,0.57,12556.94,170348.33,1.77,54.68,0.01,284.21,299.17,2494.74,00
2511,2511,Thu Aug 11 09:10:28 UTC 2022,15.66,373.0,474.37,5113.61,0.06,43032.71,5.26,5,0.8,21834.85,227555.71,2.66,88.53,0.01,540.48,475.67,4365.68,01
9754,9754,Thu Aug 11 09:16:43 UTC 2022,10.76,418.0,467.63,6584.0,0.07,26230.91,3.88,5,0.72,13482.2,160362.2,2.0,95.38,0.01,762.2,465.17,2621.34,01
6721,6721,Thu Aug 11 09:35:54 UTC 2022,17.61,347.0,309.63,2775.5,0.05,20011.64,3.66,5,0.86,10143.29,107176.95,1.85,43.64,0.01,293.08,300.53,1990.89,01
2504,2504,Thu Aug 11 09:43:07 UTC 2022,9.03,274.0,278.44,4177.91,0.04,15359.12,2.17,4,0.88,7810.95,147476.5,1.11,56.26,0.01,324.09,274.55,1528.47,00
6493,6493,Thu Aug 11 09:47:43 UTC 2022,12.18,358.0,331.33,3455.24,0.05,28929.05,4.01,2,0.34,14508.94,98352.4,2.01,93.46,0.01,506.98,325.5,2762.01,01
7371,7371,Thu Aug 11 09:55:19 UTC 2022,15.51,382.0,240.73,5321.12,0.05,15482.2,2.72,5,0.79,7896.13,177517.7,1.39,43.29,0.01,270.16,240.83,1534.87,10
3132,3132,Thu Aug 11 10:01:43 UTC 2022,19.33,418.0,112.47,3488.27,0.03,6612.92,1.68,3,0.43,3338.76,83120.67,0.85,20.56,0.01,78.95,112.17,663.16,11
7441,7441,Thu Aug 11 10:11:46 UTC 2022,7.89,355.0,364.63,5672.03,0.05,33240.0,3.95,5,0.85,16781.41,271354.48,1.99,63.41,0.01,442.82,364.33,3314.37,00
5920,5920,Thu Aug 11 10:17:43 UTC 2022,22.21,418.0,172.37,3728.07,0.04,13485.65,2.78,4,0.57,6765.07,143302.39,1.4,24.03,0.0,148.56,174.5,1362.2,01
6498,6498,Thu Aug 11 10:26:09 UTC 2022,13.55,512.0,240.99,3386.33,0.05,10823.91,2.07,5,0.59,5532.66,65837.11,1.06,34.37,0.01,209.77,240.87,1085.63,00
7437,7437,Thu Aug 11 10:36:23 UTC 2022,12.35,498.0,627.47,7520.83,0.05,26806.99,1.75,3,0.36,13539.76,181014.46,0.88,70.9,0.0,282.65,614.5,2693.49,01
7443,7443,Thu Aug 11 10:44:43 UTC 2022,9.87,598.0,386.1,8142.87,0.04,19223.08,1.93,4,0.4,9747.49,201822.74,0.98,45.73,0.0,241.81,388.33,1953.51,10
5546,5546,Thu Aug 11 11:06:36 UTC 2022,7.95,365.0,54.43,1925.23,0.03,3060.82,1.32,2,0.33,1543.56,57578.63,0.67,11.97,0.01,37.81,55.17,305.75,11
9765,9765,Thu Aug 11 11:39:26 UTC 2022,10.23,315.0,230.08,4958.53,0.04,20553.52,3.43,5,0.95,10400.38,211219.05,1.73,46.83,0.01,333.33,228.4,2052.19,00
6499,6499,Thu Aug 11 11:44:43 UTC 2022,9.79,298.0,171.74,5074.31,0.03,19616.78,2.7,3,0.6,9835.57,274870.47,1.35,39.48,0.01,187.25,172.54,1963.09,11
6734,6734,Thu Aug 11 11:52:49 UTC 2022,13.3,352.0,312.41,4276.97,0.05,20594.66,2.76,3,0.51,10421.25,144242.05,1.39,69.22,0.01,276.48,309.27,2075.11,10
6725,6725,Thu Aug 11 11:58:43 UTC 2022,18.08,358.0,141.13,1767.67,0.06,10921.68,4.22,3,0.5,5492.51,62370.5,2.14,27.75,0.01,138.1,142.03,1090.73,11
6491,6491,Thu Aug 11 12:04:43 UTC 2022,14.22,538.0,546.73,3933.93,0.1,25137.55,5.05,4,0.45,12649.07,92344.24,2.55,66.82,0.01,603.9,557.5,2587.36,01
6232,6232,Thu Aug 11 12:13:43 UTC 2022,11.02,658.0,522.17,4568.83,0.09,16857.45,2.67,2,0.18,8440.67,76160.24,1.34,47.16,0.01,336.57,517.67,1686.93,01
7434,7434,Thu Aug 11 12:28:29 UTC 2022,13.62,492.0,236.97,3465.49,0.07,13404.88,3.08,3,0.37,6787.8,92890.73,1.56,42.23,0.01,170.12,238.0,1348.78,01
6718,6718,Thu Aug 11 12:36:43 UTC 2022,20.12,538.0,326.23,5044.17,0.05,20440.15,2.97,4,0.45,10317.1,158221.56,1.5,40.49,0.01,246.47,329.5,2068.77,11
5425,5425,Thu Aug 11 12:51:36 UTC 2022,16.45,305.0,240.43,4579.52,0.08,22216.52,4.57,5,0.98,11260.72,206434.23,2.34,52.95,0.01,357.05,238.5,2255.21,01
6239,6239,Thu Aug 11 12:56:43 UTC 2022,14.35,358.0,205.67,3740.69,0.05,3075.42,0.5,1,0.17,1573.74,28911.62,0.26,50.77,0.01,76.26,205.67,315.08,11
5430,5430,Thu Aug 11 13:03:31 UTC 2022,19.84,430.0,258.33,3614.7,0.05,20259.07,4.27,4,0.56,10204.19,130934.51,2.15,39.45,0.01,225.35,259.83,2045.58,11
7431,7431,Thu Aug 11 13:10:43 UTC 2022,14.59,418.0,295.0,3854.6,0.04,22465.55,2.87,4,0.57,11366.99,138406.22,1.46,52.59,0.01,285.65,296.67,2285.17,01
5420,5420,Thu Aug 11 13:17:43 UTC 2022,14.67,478.0,505.51,3738.5,0.07,34477.41,4.86,4,0.5,17337.74,123410.46,2.44,68.41,0.01,603.01,499.33,3533.22,01
2514,2514,Thu Aug 11 13:25:43 UTC 2022,24.18,598.0,231.23,3581.73,0.05,11779.46,2.35,4,0.4,5975.72,81798.66,1.19,30.66,0.01,172.27,228.33,1170.1,01
7436,7436,Thu Aug 11 13:43:25 UTC 2022,8.08,256.0,330.48,4313.83,0.1,34246.41,10.77,4,0.94,17321.72,211091.25,5.44,83.3,0.03,489.14,330.2,3440.16,00
6490,6490,Thu Aug 11 13:47:43 UTC 2022,23.51,298.0,258.19,4579.85,0.05,22473.83,3.53,3,0.6,11311.41,208077.58,1.78,57.29,0.01,247.65,260.17,2267.11,01
2513,2513,Thu Aug 11 13:54:33 UTC 2022,10.91,368.0,283.21,4998.68,0.05,19184.67,2.58,3,0.49,9623.8,172009.57,1.3,50.28,0.01,236.9,277.33,1935.98,01
2516,2516,Thu Aug 11 14:00:43 UTC 2022,12.02,418.0,316.56,4383.2,0.06,20172.92,4.25,4,0.57,10222.68,131878.56,2.15,52.58,0.01,289.67,316.0,1992.06,01
7442,7442,Thu Aug 11 14:15:43 UTC 2022,11.71,358.0,253.97,2226.67,0.09,11369.83,4.08,2,0.34,5778.77,56830.73,2.06,65.93,0.02,197.77,252.0,1159.78,10
6723,6723,Thu Aug 11 14:21:43 UTC 2022,14.4,418.0,216.9,4482.03,0.05,9743.54,2.33,3,0.43,4932.06,103696.36,1.19,31.52,0.01,133.49,218.17,994.74,11
6243,6243,Thu Aug 11 14:28:43 UTC 2022,13.15,478.0,239.0,6824.7,0.04,10579.08,1.46,2,0.25,5323.43,122487.87,0.74,39.33,0.01,106.69,239.5,1068.2,11
3628,3628,Thu Aug 11 14:42:40 UTC 2022,15.7,421.0,328.3,3930.17,0.07,23162.28,4.85,5,0.71,11750.02,136405.23,2.47,49.55,0.01,312.11,325.33,2326.46,00
6502,6502,Thu Aug 11 14:51:40 UTC 2022,10.82,361.0,315.39,5562.67,0.05,26348.81,4.05,4,0.66,13286.76,228347.7,2.05,56.27,0.01,325.1,315.43,2645.32,11
6722,6722,Thu Aug 11 14:57:44 UTC 2022,18.31,417.0,255.67,3801.92,0.06,13589.64,2.69,4,0.58,6921.15,104425.04,1.38,46.48,0.01,232.52,256.83,1388.2,10
9752,9752,Thu Aug 11 15:10:25 UTC 2022,13.92,316.0,193.57,3479.14,0.05,17868.23,4.52,6,1.14,9070.63,164510.51,2.3,38.02,0.01,308.35,193.0,1799.62,01
9754,9754,Thu Aug 11 15:25:48 UTC 2022,9.04,353.0,835.07,6783.07,0.12,77663.46,10.89,6,1.02,39166.23,330251.9,5.52,155.41,0.02,2031.67,865.0,8123.97,01
6732,6732,Thu Aug 11 15:41:51 UTC 2022,10.77,410.0,254.94,4530.57,0.04,20935.61,3.41,5,0.73,10555.61,176998.54,1.72,39.89,0.01,288.29,256.83,2123.12,01
9785,9785,Thu Aug 11 16:01:37 UTC 2022,13.92,304.0,141.11,2086.05,0.05,12883.03,3.91,4,0.79,6499.34,90775.66,1.98,33.28,0.01,192.24,141.5,1329.08,10
6500,6500,Thu Aug 11 16:06:44 UTC 2022,10.95,357.0,289.8,3489.01,0.06,22349.58,4.7,3,0.5,11273.95,114290.08,2.37,63.47,0.01,262.18,290.5,2253.78,11
9765,9765,Thu Aug 11 16:16:13 UTC 2022,7.66,268.0,254.48,3827.32,0.06,27031.79,6.25,4,0.9,13597.16,201269.1,3.16,58.38,0.01,383.73,254.3,2711.64,11
6244,6244,Thu Aug 11 16:32:45 UTC 2022,13.77,356.0,423.67,5489.76,0.08,36540.34,7.1,5,0.84,18495.17,239458.31,3.57,76.38,0.01,512.36,423.83,3699.1,01
3131,3131,Thu Aug 11 16:45:43 UTC 2022,15.3,298.0,886.89,4903.02,0.09,101528.86,10.78,6,1.21,51561.74,273643.49,5.48,206.66,0.02,1874.5,883.73,10181.88,11
233,233,Thu Aug 11 17:26:25 UTC 2022,9.35,316.0,260.97,4032.9,0.11,18961.14,10.16,5,0.95,9678.99,131564.05,5.15,56.05,0.02,393.04,259.67,1922.28,01
4110,4110,Thu Aug 11 17:33:06 UTC 2022,15.24,575.0,427.27,6751.03,0.04,16905.39,1.69,5,0.52,8643.13,129603.55,0.88,46.98,0.01,269.74,426.5,1710.26,00
6499,6499,Thu Aug 11 17:45:46 UTC 2022,9.49,415.0,444.46,6008.5,0.08,36821.49,6.42,7,1.01,18807.9,250812.43,3.3,80.75,0.01,951.9,438.0,3584.67,00
1117,1117,Thu Aug 11 17:52:43 UTC 2022,24.66,478.0,540.03,4051.97,0.1,27906.28,5.26,5,0.63,14135.15,118796.23,2.66,62.9,0.01,502.72,546.17,2887.03,01
6734,6734,Thu Aug 11 18:05:21 UTC 2022,10.75,320.0,171.51,3256.23,0.05,15446.25,3.68,4,0.75,7769.63,140600.25,1.86,36.19,0.01,240.75,170.57,1548.0,11
2504,2504,Thu Aug 11 18:11:39 UTC 2022,11.21,302.0,164.93,2026.82,0.06,15435.1,6.08,4,0.79,7758.28,98942.38,3.06,30.82,0.01,189.74,166.67,1555.63,11
9758,9758,Thu Aug 11 18:16:43 UTC 2022,17.28,358.0,385.7,3143.56,0.08,36687.15,7.07,3,0.5,18388.83,135845.36,3.55,84.36,0.02,747.49,391.0,3452.51,01
7957,7957,Thu Aug 11 18:26:30 UTC 2022,16.76,311.0,229.41,2977.71,0.05,20300.06,4.43,6,1.16,10312.28,144242.7,2.27,46.04,0.01,387.97,228.9,2057.36,00
7435,7435,Thu Aug 11 18:31:49 UTC 2022,17.21,412.0,239.1,3793.21,0.05,17841.26,3.08,4,0.58,8988.35,138013.69,1.55,38.95,0.01,225.0,241.17,1783.98,11
7441,7441,Thu Aug 11 18:38:43 UTC 2022,8.03,418.0,1014.1,4882.29,0.15,69230.53,8.98,5,0.72,34814.07,178132.82,4.51,140.96,0.02,1639.95,1020.83,6616.94,01
6232,6232,Thu Aug 11 18:46:21 UTC 2022,8.82,560.0,184.67,2761.17,0.08,6072.21,1.79,4,0.43,3067.29,58150.29,0.92,16.6,0.01,94.93,182.0,610.5,01
3134,3134,Thu Aug 11 18:55:43 UTC 2022,18.98,598.0,211.1,3070.63,0.06,10934.45,2.55,5,0.5,5543.48,77221.4,1.3,23.48,0.01,153.01,212.17,1096.66,00
5920,5920,Thu Aug 11 19:09:48 UTC 2022,17.91,473.0,201.5,2403.1,0.13,13263.42,8.01,5,0.63,6709.09,75209.3,4.1,28.48,0.02,208.67,201.17,1325.58,00
6720,6720,Thu Aug 11 19:20:49 UTC 2022,9.86,292.0,250.12,2331.16,0.05,23898.08,5.04,4,0.82,12067.4,94052.05,2.55,54.12,0.01,311.51,248.31,2388.08,01
5132,5132,Thu Aug 11 19:25:43 UTC 2022,21.99,358.0,316.66,5843.21,0.07,30803.8,6.73,5,0.84,15522.23,288102.57,3.38,55.28,0.01,430.73,317.7,3086.15,01
2517,2517,Thu Aug 11 19:34:04 UTC 2022,24.02,457.0,309.27,5697.3,0.06,16761.93,3.32,6,0.79,8552.04,150570.59,1.71,42.79,0.01,331.25,310.33,1696.02,01
2511,2511,Thu Aug 11 19:45:41 UTC 2022,14.64,360.0,344.9,5920.1,0.06,22898.33,3.71,4,0.67,11587.33,201715.67,1.89,64.15,0.01,355.67,344.5,2323.33,01
7438,7438,Thu Aug 11 19:51:46 UTC 2022,12.61,355.0,623.47,5269.1,0.1,55015.77,7.81,4,0.68,27949.86,200503.77,3.98,175.23,0.02,1020.0,622.67,5445.63,11
7443,7443,Thu Aug 11 19:57:43 UTC 2022,8.41,418.0,537.66,5945.03,0.06,43002.49,4.91,5,0.72,21733.49,231742.11,2.48,84.53,0.01,732.06,547.83,4439.14,00
2505,2505,Thu Aug 11 20:10:27 UTC 2022,13.25,494.0,137.47,4126.87,0.04,8005.99,1.92,4,0.49,4036.76,108382.59,0.97,20.28,0.01,113.44,138.17,806.48,00
7437,7437,Thu Aug 11 20:20:34 UTC 2022,10.37,427.0,226.37,3560.77,0.06,15952.13,4.37,4,0.56,8005.71,125874.1,2.2,32.19,0.01,208.1,228.1,1601.03,11
5546,5546,Thu Aug 11 20:32:16 UTC 2022,6.72,385.0,369.43,6612.8,0.04,26330.18,2.78,4,0.62,13316.57,233328.0,1.4,58.98,0.01,297.97,368.5,2652.47,01
5424,5424,Thu Aug 11 20:40:33 UTC 2022,19.88,428.0,143.17,3838.4,0.04,5175.7,1.14,3,0.42,2641.12,72716.36,0.58,24.37,0.01,88.32,142.67,535.51,01
3132,3132,Thu Aug 11 20:48:09 UTC 2022,17.51,452.0,103.13,2630.87,0.05,4430.97,2.03,2,0.27,2234.07,38360.18,1.04,20.61,0.01,55.75,104.67,443.36,01
7442,7442,Thu Aug 11 21:00:13 UTC 2022,6.43,268.0,173.16,4991.72,0.06,15252.99,4.61,3,0.67,7663.43,225782.69,2.32,38.82,0.01,189.18,172.08,1522.39,01
6498,6498,Thu Aug 11 21:04:43 UTC 2022,10.67,418.0,209.0,5337.43,0.07,11912.44,1.53,3,0.43,6030.14,140941.44,0.78,39.66,0.01,153.59,210.17,1224.4,01
6493,6493,Thu Aug 11 21:13:52 UTC 2022,10.99,409.0,373.37,6143.25,0.08,22255.75,3.08,4,0.59,11296.14,197473.64,1.58,63.87,0.01,320.1,370.17,2249.78,01
7436,7436,Thu Aug 11 21:23:50 UTC 2022,11.18,291.0,296.83,3634.83,0.08,34952.99,8.46,5,1.03,17764.54,212053.61,4.28,75.32,0.02,478.35,293.72,3494.02,00
5420,5420,Thu Aug 11 21:28:43 UTC 2022,18.14,298.0,321.54,4548.43,0.05,35571.14,5.6,4,0.81,17917.45,246074.09,2.81,71.55,0.01,418.79,322.88,3567.79,01
6502,6502,Thu Aug 11 21:50:38 UTC 2022,5.63,303.0,339.63,3409.6,0.11,34289.11,8.45,2,0.4,17201.98,151619.8,4.23,101.66,0.02,643.56,330.17,3259.41,11
9754,9754,Thu Aug 11 21:55:43 UTC 2022,8.17,358.0,237.47,3129.32,0.08,15041.9,4.21,3,0.5,7597.21,91328.72,2.13,47.44,0.01,194.41,237.83,1528.49,01
9759,9759,Thu Aug 11 22:06:24 UTC 2022,7.81,377.0,139.83,2452.07,0.07,9087.53,3.91,3,0.48,4596.29,76014.43,1.98,30.66,0.01,133.69,138.67,929.44,00
5425,5425,Thu Aug 11 22:14:42 UTC 2022,14.69,299.0,692.33,5812.47,0.13,75981.27,10.8,3,0.6,38107.02,242997.99,5.44,190.25,0.03,1628.43,716.17,7432.78,01
5426,5426,Thu Aug 11 22:19:43 UTC 2022,22.81,358.0,145.89,2330.77,0.07,8499.22,2.92,3,0.5,4285.47,64091.06,1.49,27.69,0.01,129.72,146.87,870.17,01
7431,7431,Thu Aug 11 22:28:32 UTC 2022,14.09,429.0,254.63,4576.63,0.06,16080.0,3.52,5,0.7,8167.27,148236.36,1.79,40.21,0.01,271.33,255.33,1618.46,01
3153,3153,Thu Aug 11 22:35:44 UTC 2022,11.23,477.0,512.33,5489.53,0.06,33651.57,4.0,4,0.5,16969.81,159338.36,2.02,86.36,0.01,639.62,507.0,3260.38,11
6725,6725,Thu Aug 11 22:55:54 UTC 2022,15.44,467.0,124.0,3111.67,0.05,7597.0,2.94,6,0.77,3845.4,87516.49,1.5,17.4,0.01,149.04,123.5,774.73,10
7371,7371,Thu Aug 11 23:13:26 UTC 2022,12.97,315.0,317.43,3792.94,0.06,33151.24,5.51,4,0.76,16715.81,190116.95,2.78,69.26,0.01,390.1,318.67,3336.38,11
9765,9765,Thu Aug 11 23:19:53 UTC 2022,10.77,348.0,232.31,2947.17,0.04,14852.07,2.46,4,0.69,7543.45,100900.34,1.25,45.09,0.01,251.03,232.67,1480.69,01
9779,9779,Thu Aug 11 23:26:56 UTC 2022,12.59,345.0,285.53,7378.97,0.04,25646.96,3.37,3,0.52,12890.43,297627.83,1.7,56.51,0.01,248.7,288.0,2568.7,11
6721,6721,Thu Aug 11 23:33:52 UTC 2022,11.43,289.0,260.37,3927.98,0.06,17162.91,3.39,6,1.25,8863.39,136141.45,1.78,59.9,0.01,460.48,262.0,1749.34,11
6500,6500,Thu Aug 11 23:38:43 UTC 2022,9.57,358.0,572.57,5503.98,0.08,48982.12,6.33,3,0.5,24544.69,197387.93,3.17,118.64,0.02,1191.62,575.33,5120.11,01
6499,6499,Thu Aug 11 23:45:20 UTC 2022,8.81,441.0,590.77,5560.07,0.08,42103.4,5.25,4,0.54,21156.46,185479.73,2.63,93.74,0.01,887.07,594.17,4201.36,01
3628,3628,Thu Aug 11 23:54:48 UTC 2022,12.27,353.0,379.7,4989.73,0.08,37808.5,7.23,5,0.85,19138.81,252378.7,3.63,70.73,0.01,467.42,376.17,3790.37,00
9752,9752,Fri Aug 12 00:02:15 UTC 2022,14.12,326.0,645.19,5186.97,0.08,67227.61,8.22,5,0.92,33820.86,271047.24,4.14,122.85,0.02,1206.44,628.8,6605.89,00
2507,2507,Fri Aug 12 00:07:43 UTC 2022,15.19,418.0,291.93,2862.2,0.05,16994.64,2.65,3,0.43,8540.67,84780.86,1.33,42.93,0.01,204.83,288.5,1705.26,01
6239,6239,Fri Aug 12 00:17:12 UTC 2022,12.17,389.0,238.7,5042.37,0.04,12153.01,2.33,5,0.77,6229.2,115100.67,1.2,41.72,0.01,257.58,237.67,1208.95,01
6490,6490,Fri Aug 12 00:24:33 UTC 2022,20.42,428.0,152.47,3903.35,0.04,10285.51,2.39,3,0.42,5177.1,110200.09,1.2,27.78,0.01,135.98,153.0,1035.98,00
7434,7434,Fri Aug 12 00:31:43 UTC 2022,15.92,478.0,618.59,4987.45,0.08,45019.33,5.92,4,0.5,22587.11,179378.16,2.97,79.15,0.01,865.1,625.33,4398.58,11
6734,6734,Fri Aug 12 00:43:54 UTC 2022,11.7,347.0,234.5,3864.37,0.06,18161.15,4.52,4,0.69,9168.07,149084.96,2.28,42.63,0.01,256.95,232.33,1815.56,00
6243,6243,Fri Aug 12 00:49:43 UTC 2022,13.52,418.0,89.7,1741.25,0.04,7517.22,3.26,4,0.57,3777.99,61626.03,1.64,15.1,0.01,97.61,89.67,746.41,00
3131,3131,Fri Aug 12 00:58:39 UTC 2022,13.02,482.0,157.93,4311.37,0.03,9717.01,1.63,5,0.62,4900.83,131987.55,0.82,19.64,0.0,142.53,157.33,967.22,01
6232,6232,Fri Aug 12 01:06:43 UTC 2022,7.79,538.0,551.5,7642.13,0.05,31568.03,2.95,4,0.45,15898.88,190552.19,1.49,67.89,0.01,543.68,567.0,3063.57,01
9758,9758,Fri Aug 12 01:19:56 UTC 2022,15.08,465.0,125.0,2133.9,0.05,8747.1,3.79,3,0.39,4406.45,72123.87,1.91,20.31,0.01,121.94,122.17,859.35,10
6723,6723,Fri Aug 12 01:27:43 UTC 2022,12.43,478.0,248.47,4323.19,0.04,13857.74,2.22,6,0.75,7064.44,125052.8,1.14,31.4,0.01,231.59,252.0,1423.43,11
9750,9750,Fri Aug 12 01:36:08 UTC 2022,23.06,573.0,557.93,7872.0,0.05,21472.25,1.9,2,0.21,10804.19,132502.62,0.96,73.25,0.01,201.05,559.33,2176.96,01
233,233,Fri Aug 12 01:50:07 UTC 2022,9.76,334.0,235.8,5952.15,0.04,23565.27,3.35,5,0.9,11867.07,296632.1,1.7,43.31,0.01,341.32,236.67,2351.5,01
5420,5420,Fri Aug 12 01:59:57 UTC 2022,10.7,404.0,169.53,6602.4,0.02,7424.26,0.92,4,0.59,3815.35,124418.91,0.48,32.12,0.0,144.06,167.5,760.4,00
7436,7436,Fri Aug 12 02:33:28 UTC 2022,7.03,253.0,152.99,3554.09,0.04,12222.92,3.14,3,0.71,6184.98,128070.36,1.59,44.87,0.01,194.47,151.4,1230.83,01
7957,7957,Fri Aug 12 02:37:43 UTC 2022,14.56,298.0,158.8,4185.22,0.04,16266.44,3.17,4,0.81,8202.68,198142.15,1.6,38.63,0.01,215.44,158.31,1642.95,01
9754,9754,Fri Aug 12 02:42:43 UTC 2022,6.0,358.0,284.05,3831.18,0.04,24488.38,3.53,4,0.67,12296.65,163694.41,1.78,47.21,0.01,307.21,285.5,2457.65,11
5430,5430,Fri Aug 12 02:50:08 UTC 2022,21.07,453.0,108.5,5431.53,0.02,8584.11,1.34,3,0.4,4294.04,173568.21,0.67,20.23,0.0,120.53,108.67,855.63,10
2517,2517,Fri Aug 12 02:57:44 UTC 2022,13.63,477.0,813.37,6686.27,0.09,46758.49,5.66,3,0.38,23500.63,183668.93,2.84,114.12,0.01,644.65,829.5,4606.29,01
6244,6244,Fri Aug 12 03:08:41 UTC 2022,18.35,420.0,363.6,5857.6,0.04,22779.43,2.91,4,0.57,11436.29,221577.43,1.46,41.58,0.01,278.0,365.17,2278.57,01
4110,4110,Fri Aug 12 03:15:43 UTC 2022,12.17,418.0,431.67,6769.95,0.05,33348.8,3.74,4,0.57,16801.44,220051.58,1.89,79.57,0.01,628.71,448.17,3294.26,10
2514,2514,Fri Aug 12 03:22:43 UTC 2022,23.8,538.0,837.96,7912.12,0.09,47168.03,4.76,4,0.45,23768.48,199560.67,2.4,107.94,0.01,749.67,843.03,4785.28,01
2516,2516,Fri Aug 12 03:48:20 UTC 2022,22.12,441.0,353.73,5288.57,0.06,21329.25,3.71,6,0.82,10893.88,166316.73,1.88,48.53,0.01,417.69,353.0,2156.46,00
6732,6732,Fri Aug 12 04:04:43 UTC 2022,6.82,358.0,556.33,6101.69,0.05,33345.25,3.19,4,0.67,16934.08,145435.98,1.62,106.3,0.01,743.3,544.67,3482.68,11
6493,6493,Fri Aug 12 04:11:43 UTC 2022,7.14,358.0,752.4,4209.83,0.1,74651.4,10.18,4,0.67,37463.13,184356.54,5.11,149.1,0.02,1602.23,788.67,7845.25,11
9785,9785,Fri Aug 12 04:18:20 UTC 2022,18.27,381.0,195.73,5988.29,0.03,13935.43,1.93,3,0.47,7044.09,185123.78,0.98,42.36,0.01,174.8,196.0,1412.6,01
5132,5132,Fri Aug 12 04:24:44 UTC 2022,13.56,417.0,211.17,5511.49,0.03,6602.88,1.05,2,0.29,3358.27,65843.45,0.53,45.05,0.01,123.02,212.67,650.36,11
9752,9752,Fri Aug 12 04:35:29 UTC 2022,9.12,252.0,281.11,6389.16,0.04,25493.33,3.61,5,1.19,12934.29,281799.52,1.86,71.69,0.01,503.57,281.96,2580.95,00
3134,3134,Fri Aug 12 04:39:43 UTC 2022,14.88,358.0,204.43,4381.19,0.04,12390.5,2.24,2,0.34,6207.82,111203.13,1.12,45.86,0.01,164.25,203.83,1231.84,01
7371,7371,Fri Aug 12 04:49:34 UTC 2022,10.39,307.0,152.93,2927.6,0.05,15957.65,5.01,5,0.98,8036.48,151097.2,2.51,31.95,0.01,259.93,152.33,1606.51,00
6500,6500,Fri Aug 12 04:54:43 UTC 2022,4.59,418.0,165.83,4451.53,0.03,12014.35,2.34,4,0.57,6070.33,137461.15,1.18,30.22,0.01,169.38,167.5,1207.18,01
2513,2513,Fri Aug 12 05:12:43 UTC 2022,21.1,298.0,89.73,2410.5,0.03,9942.28,3.81,4,0.81,4999.33,105805.37,1.92,25.21,0.01,162.08,91.02,994.63,00
6722,6722,Fri Aug 12 05:17:44 UTC 2022,22.29,597.0,724.77,6080.34,0.09,34119.6,4.12,4,0.4,17129.65,125421.71,2.07,68.75,0.01,705.03,722.33,3524.62,11
9765,9765,Fri Aug 12 05:34:29 UTC 2022,10.35,312.0,227.2,4844.59,0.04,21903.85,3.7,6,1.15,11113.46,222006.92,1.89,47.27,0.01,386.54,226.0,2209.62,01
6725,6725,Fri Aug 12 05:39:49 UTC 2022,10.36,352.0,122.93,6565.79,0.02,8002.84,0.93,3,0.51,4072.16,150340.57,0.48,38.86,0.0,144.03,123.33,828.41,10
5424,5424,Fri Aug 12 05:46:50 UTC 2022,15.49,351.0,120.73,2765.22,0.03,11223.93,2.8,4,0.68,5670.09,83414.7,1.42,31.01,0.01,172.65,122.33,1135.04,01
2507,2507,Fri Aug 12 06:02:55 UTC 2022,13.75,406.0,284.3,4398.5,0.08,22223.65,6.48,4,0.59,11139.9,138932.51,3.25,48.89,0.01,579.31,266.33,2080.79,00
6718,6718,Fri Aug 12 06:23:43 UTC 2022,15.61,358.0,207.67,5214.91,0.03,19873.74,2.89,4,0.67,10017.32,194424.8,1.46,44.9,0.01,281.56,209.0,2002.79,00
9750,9750,Fri Aug 12 06:42:11 UTC 2022,13.82,390.0,73.07,3136.47,0.02,6735.38,1.84,4,0.62,3370.77,118194.77,0.92,14.68,0.0,103.08,72.83,678.46,10
6734,6734,Fri Aug 12 06:51:18 UTC 2022,10.79,323.0,257.37,6902.06,0.03,21392.69,2.46,3,0.56,10757.28,287013.62,1.23,53.18,0.01,248.54,256.9,2149.6,11
9758,9758,Fri Aug 12 06:56:46 UTC 2022,11.71,415.0,134.9,2541.01,0.04,10863.61,3.24,5,0.72,5541.69,78205.01,1.64,30.69,0.01,237.11,133.67,1097.35,00
7435,7435,Fri Aug 12 07:12:44 UTC 2022,19.16,117.0,6.19,927.46,0.01,743.59,0.47,1,0.51,374.36,23635.9,0.24,16.28,0.01,25.64,6.52,71.79,10
3153,3153,Fri Aug 12 07:14:43 UTC 2022,15.48,478.0,458.2,7792.07,0.05,33251.05,3.53,5,0.63,16800.0,259476.15,1.79,74.31,0.01,615.06,472.0,3374.06,11
7431,7431,Fri Aug 12 07:34:36 UTC 2022,14.4,425.0,1536.9,10416.4,0.08,93969.88,4.86,4,0.56,47312.47,304438.87,2.46,231.88,0.01,2114.82,1541.67,9218.82,01
6502,6502,Fri Aug 12 07:44:08 UTC 2022,8.65,333.0,240.07,4025.07,0.03,19960.0,2.93,4,0.72,10041.08,168654.05,1.47,43.54,0.01,269.19,239.4,1994.95,01
6232,6232,Fri Aug 12 07:49:43 UTC 2022,7.9,358.0,254.8,4469.21,0.05,16865.36,2.56,3,0.5,8465.36,176949.39,1.29,40.68,0.01,197.77,253.83,1699.44,01
9779,9779,Fri Aug 12 07:59:43 UTC 2022,9.7,298.0,100.33,3051.31,0.02,6463.09,1.3,3,0.6,3314.09,96343.89,0.68,36.62,0.01,161.07,100.0,668.46,00
6721,6721,Fri Aug 12 08:05:17 UTC 2022,13.79,324.0,394.77,7166.77,0.05,37364.81,4.18,4,0.74,18881.48,315659.63,2.13,86.44,0.01,457.41,400.0,3759.26,11
9759,9759,Fri Aug 12 08:10:43 UTC 2022,8.45,358.0,367.74,6397.19,0.04,31851.96,3.8,4,0.67,16017.99,280577.43,1.91,59.25,0.01,371.9,369.4,3172.96,01
6720,6720,Fri Aug 12 08:18:30 UTC 2022,11.38,311.0,288.76,4037.37,0.05,22871.0,3.91,3,0.58,11503.79,150737.36,1.97,60.54,0.01,296.91,287.87,2296.59,01
7438,7438,Fri Aug 12 08:23:43 UTC 2022,15.33,358.0,182.3,5435.51,0.04,16340.78,2.48,4,0.67,8215.64,238418.55,1.25,35.87,0.01,225.42,181.33,1635.75,00
2505,2505,Fri Aug 12 08:29:50 UTC 2022,16.57,411.0,360.27,8630.6,0.04,24164.09,2.5,4,0.58,12235.04,234388.32,1.27,63.58,0.01,345.11,362.73,2477.08,01
1117,1117,Fri Aug 12 08:36:43 UTC 2022,23.86,478.0,498.7,6632.71,0.07,22498.74,3.35,3,0.38,11309.62,185546.61,1.68,51.55,0.01,238.49,497.17,2246.86,11
5920,5920,Fri Aug 12 08:45:31 UTC 2022,25.17,550.0,368.41,7112.67,0.05,17052.22,2.22,4,0.44,8613.82,175565.45,1.12,39.89,0.0,219.49,372.0,1747.2,01
7437,7437,Fri Aug 12 08:54:43 UTC 2022,12.84,538.0,295.6,6615.27,0.04,13447.58,1.71,2,0.22,6766.17,122139.7,0.86,46.8,0.01,137.17,296.83,1351.67,01
5546,5546,Fri Aug 12 09:08:31 UTC 2022,8.49,370.0,332.73,9744.13,0.02,22894.7,1.36,5,0.81,11651.68,344172.97,0.69,58.83,0.0,360.0,331.83,2303.68,00
7443,7443,Fri Aug 12 09:14:43 UTC 2022,8.54,598.0,54.33,5642.67,0.01,2563.55,0.44,3,0.3,1291.3,83706.02,0.22,10.84,0.0,50.67,54.0,256.86,00
7441,7441,Fri Aug 12 09:32:57 UTC 2022,7.04,464.0,22.43,3409.4,0.01,1727.59,0.23,2,0.26,865.09,78126.72,0.12,8.91,0.0,31.03,22.0,169.4,10
5427,5427,Fri Aug 12 09:40:47 UTC 2022,19.53,534.0,69.33,3147.53,0.02,2322.47,0.53,3,0.34,1178.65,43881.8,0.27,12.42,0.0,62.92,70.83,238.2,01
6244,6244,Fri Aug 12 09:52:41 UTC 2022,11.4,360.0,162.13,2906.11,0.04,14603.33,3.78,5,0.83,7363.33,120235.0,1.9,29.89,0.01,218.33,163.17,1481.67,01
3132,3132,Fri Aug 12 09:58:43 UTC 2022,20.06,418.0,225.4,4570.87,0.05,10897.61,1.64,3,0.43,5514.83,116501.91,0.83,37.32,0.01,161.48,216.67,1119.62,00
9754,9754,Fri Aug 12 10:22:43 UTC 2022,12.94,418.0,321.83,6797.83,0.04,9460.77,1.27,3,0.43,4822.97,100505.74,0.65,46.66,0.01,177.99,324.5,996.17,11
3628,3628,Fri Aug 12 10:33:15 UTC 2022,15.53,386.0,169.63,5944.07,0.02,15819.17,1.58,1,0.16,7910.36,121826.42,0.79,86.93,0.01,394.82,172.33,1678.76,00
9765,9765,Fri Aug 12 10:43:19 UTC 2022,7.65,262.0,228.23,4767.79,0.05,17343.66,3.72,3,0.69,8711.45,187291.6,1.87,51.22,0.01,252.37,225.73,1746.41,11
6499,6499,Fri Aug 12 10:47:43 UTC 2022,14.9,298.0,146.79,6354.92,0.02,10882.55,1.38,3,0.6,5490.6,211689.26,0.7,35.05,0.0,161.07,147.12,1065.1,00
7436,7436,Fri Aug 12 10:57:42 UTC 2022,12.38,299.0,466.03,6461.22,0.08,53893.65,8.64,4,0.8,27303.01,347727.09,4.41,130.91,0.02,672.24,464.17,5448.16,00
7434,7434,Fri Aug 12 11:02:43 UTC 2022,13.24,298.0,681.74,6184.42,0.08,69543.62,8.62,4,0.81,34936.91,320341.21,4.33,144.09,0.02,1357.05,661.36,6656.38,01
6723,6723,Fri Aug 12 11:09:47 UTC 2022,14.47,474.0,365.13,5777.3,0.05,25458.73,3.6,5,0.63,12821.52,196969.62,1.82,53.02,0.01,541.77,374.37,2524.56,01
5425,5425,Fri Aug 12 11:21:25 UTC 2022,10.42,256.0,514.53,5968.48,0.03,56657.34,3.21,3,0.7,28484.06,327168.75,1.61,135.15,0.01,637.03,514.31,5676.09,01
233,233,Fri Aug 12 11:25:43 UTC 2022,10.91,298.0,218.9,3545.81,0.06,17277.18,4.26,3,0.6,8693.96,114520.27,2.16,44.94,0.01,233.56,217.46,1719.46,11
6243,6243,Fri Aug 12 11:42:43 UTC 2022,16.44,298.0,377.68,7308.86,0.05,32188.19,3.74,4,0.81,16348.59,300930.6,1.9,89.5,0.01,460.67,377.76,3225.5,01
6732,6732,Fri Aug 12 11:54:28 UTC 2022,10.24,373.0,227.47,4425.43,0.06,17985.52,4.91,5,0.8,9073.99,173866.49,2.5,35.11,0.01,271.05,226.83,1802.25,11
6500,6500,Fri Aug 12 12:08:43 UTC 2022,11.39,358.0,261.73,4284.02,0.05,20711.73,3.53,4,0.67,10440.0,161212.63,1.78,44.01,0.01,260.95,263.37,2080.56,11
6493,6493,Fri Aug 12 12:17:44 UTC 2022,8.11,357.0,363.2,4031.37,0.06,17205.04,4.5,5,0.84,8761.34,117993.28,2.31,43.75,0.01,292.44,381.83,1752.94,01
2514,2514,Fri Aug 12 12:23:43 UTC 2022,16.55,418.0,469.2,5788.82,0.07,15295.69,1.9,3,0.43,7864.59,74326.79,0.98,112.54,0.01,613.64,485.33,1778.47,01
9785,9785,Fri Aug 12 12:42:56 UTC 2022,12.61,285.0,237.41,4660.0,0.05,22096.84,4.08,3,0.63,11115.79,208482.11,2.06,53.45,0.01,236.84,238.42,2227.37,01
5426,5426,Fri Aug 12 12:53:43 UTC 2022,22.31,418.0,240.23,2953.97,0.04,11905.55,1.88,4,0.57,6082.11,75755.02,0.96,44.96,0.01,230.1,240.17,1234.74,00
7371,7371,Fri Aug 12 13:05:08 UTC 2022,14.51,333.0,274.37,5332.5,0.04,23568.65,3.94,4,0.72,11908.83,222065.23,1.99,51.14,0.01,286.67,273.1,2357.12,11
5132,5132,Fri Aug 12 13:12:25 UTC 2022,12.77,376.0,159.63,3609.0,0.04,9078.19,2.11,4,0.64,4598.94,102757.34,1.08,27.6,0.01,142.02,161.17,933.51,01
2513,2513,Fri Aug 12 13:30:43 UTC 2022,12.6,358.0,209.27,2372.71,0.07,9866.48,4.21,4,0.67,4964.25,69994.19,2.12,22.41,0.01,143.3,204.17,988.83,01
3131,3131,Fri Aug 12 13:36:43 UTC 2022,10.42,418.0,769.5,7084.01,0.1,53757.42,6.46,4,0.57,27066.03,233673.01,3.25,130.66,0.02,1036.36,746.33,5543.54,11
3153,3153,Fri Aug 12 13:52:48 UTC 2022,12.56,473.0,549.77,6440.05,0.07,36299.37,4.21,5,0.63,18697.67,206557.04,2.17,97.98,0.01,960.89,564.5,3787.74,11
6725,6725,Fri Aug 12 14:03:54 UTC 2022,11.72,407.0,558.57,6827.03,0.06,43906.14,4.31,5,0.74,22214.74,277574.45,2.19,85.65,0.01,571.25,558.67,4450.91,01
6232,6232,Fri Aug 12 14:10:45 UTC 2022,7.83,476.0,183.77,3232.25,0.04,7464.71,1.68,3,0.38,3821.85,80887.31,0.88,37.94,0.01,157.56,185.5,768.91,10
5430,5430,Fri Aug 12 14:23:15 UTC 2022,19.76,446.0,125.8,2075.47,0.04,2287.0,0.93,1,0.13,1154.26,25344.22,0.47,18.32,0.01,24.22,125.17,223.32,11
2504,2504,Fri Aug 12 14:33:11 UTC 2022,13.86,330.0,439.14,4090.8,0.06,30952.36,3.95,4,0.73,15696.0,141692.73,2.0,83.54,0.01,441.64,436.33,3110.18,01
5424,5424,Fri Aug 12 14:39:18 UTC 2022,13.87,383.0,646.19,5047.79,0.08,37454.1,4.23,3,0.47,18770.44,163743.29,2.13,94.61,0.01,679.43,635.77,3704.96,11
3134,3134,Fri Aug 12 14:45:43 UTC 2022,15.49,418.0,314.17,2798.84,0.12,14470.33,7.04,4,0.57,7323.44,61472.15,3.56,34.24,0.02,218.9,316.83,1422.49,01
6721,6721,Fri Aug 12 14:56:49 UTC 2022,12.16,292.0,186.33,2910.83,0.07,18869.18,6.6,5,1.03,9539.59,151994.79,3.36,41.42,0.01,314.38,187.28,1901.51,01
5420,5420,Fri Aug 12 15:01:43 UTC 2022,17.83,358.0,670.2,6879.67,0.11,61754.75,6.38,3,0.5,31129.61,277686.03,3.21,176.55,0.02,800.28,693.0,6174.3,11
6718,6718,Fri Aug 12 15:08:09 UTC 2022,17.58,572.0,240.87,3403.47,0.06,4584.55,0.65,2,0.21,2314.62,46603.85,0.33,22.38,0.0,64.83,235.5,456.92,11
6491,6491,Fri Aug 12 15:19:03 UTC 2022,13.51,578.0,204.6,4227.73,0.05,12002.08,2.68,6,0.62,6075.78,119423.67,1.36,22.95,0.01,186.33,204.17,1212.46,10
9750,9750,Fri Aug 12 15:30:05 UTC 2022,18.79,516.0,276.03,4548.77,0.06,10260.47,2.75,3,0.35,5170.93,91290.7,1.38,29.28,0.01,138.37,273.5,1047.67,01
6498,6498,Fri Aug 12 15:39:08 UTC 2022,16.8,573.0,251.23,4155.33,0.05,12292.15,2.0,4,0.42,6218.85,101513.09,1.02,29.86,0.01,156.02,252.5,1250.26,01
2516,2516,Fri Aug 12 15:51:28 UTC 2022,18.3,433.0,388.0,5184.53,0.07,22996.77,4.09,4,0.55,11633.07,154835.2,2.06,55.19,0.01,307.9,382.67,2305.22,01
1117,1117,Fri Aug 12 15:59:41 UTC 2022,13.01,420.0,345.43,6269.87,0.04,27064.0,3.48,6,0.86,13709.71,247961.71,1.76,49.77,0.01,392.0,346.17,2725.71,01
6732,6732,Fri Aug 12 16:09:43 UTC 2022,5.92,298.0,329.35,4728.35,0.06,19293.42,2.51,3,0.6,9807.38,156986.58,1.27,76.15,0.01,299.6,330.07,1914.77,11
9758,9758,Fri Aug 12 16:14:43 UTC 2022,16.58,298.0,387.79,3561.3,0.08,38806.71,7.08,3,0.6,19552.35,146412.08,3.57,128.41,0.02,770.13,394.24,3841.61,01
9759,9759,Fri Aug 12 16:21:02 UTC 2022,5.76,519.0,215.07,3569.37,0.04,13314.45,2.65,6,0.69,6746.82,103536.42,1.34,27.2,0.01,220.81,215.83,1350.29,01
7431,7431,Fri Aug 12 16:32:04 UTC 2022,13.58,397.0,1159.33,7004.53,0.14,69398.99,8.04,6,0.91,35588.31,243087.66,4.1,198.81,0.02,2520.3,1178.67,7067.91,01
9754,9754,Fri Aug 12 16:40:32 UTC 2022,8.63,369.0,396.3,3712.52,0.07,31273.17,5.48,6,0.98,15793.5,130160.65,2.78,69.42,0.01,764.23,384.0,3027.64,01
4110,4110,Fri Aug 12 16:46:43 UTC 2022,15.24,418.0,195.47,4826.93,0.05,14348.04,3.47,3,0.43,7210.33,156107.37,1.74,32.31,0.01,178.42,193.33,1425.36,00
7441,7441,Fri Aug 12 17:31:43 UTC 2022,8.25,358.0,222.29,5373.95,0.03,10035.75,1.64,2,0.34,5072.51,88211.06,0.83,44.14,0.01,121.68,223.33,1009.61,11
9779,9779,Fri Aug 12 17:39:34 UTC 2022,10.84,307.0,211.5,2266.61,0.08,21283.39,8.32,5,0.98,10772.64,99480.78,4.21,45.29,0.02,302.93,213.5,2179.15,01
9752,9752,Fri Aug 12 17:46:28 UTC 2022,10.18,253.0,259.43,3502.47,0.04,17157.15,2.49,4,0.95,8841.58,94481.74,1.29,86.24,0.01,392.25,260.28,1768.22,01
3628,3628,Fri Aug 12 17:50:43 UTC 2022,10.78,298.0,232.6,3319.69,0.06,23266.71,5.39,4,0.81,11740.27,156440.94,2.72,57.76,0.01,322.35,231.63,2368.19,00
6499,6499,Fri Aug 12 17:55:43 UTC 2022,9.96,418.0,288.77,4235.41,0.06,19452.63,3.68,5,0.72,9911.48,119350.33,1.87,54.89,0.01,341.63,290.17,1970.81,11
7436,7436,Fri Aug 12 18:07:10 UTC 2022,9.48,271.0,184.89,2197.18,0.1,9830.26,4.32,2,0.44,4990.41,64209.74,2.21,52.9,0.02,150.55,179.26,967.53,00
6500,6500,Fri Aug 12 18:11:43 UTC 2022,7.81,298.0,300.84,5124.88,0.06,24336.24,3.96,4,0.81,12370.47,211159.73,2.01,68.52,0.01,370.47,303.22,2482.55,01
6720,6720,Fri Aug 12 18:18:48 UTC 2022,8.99,293.0,308.02,3942.05,0.12,19290.92,7.45,4,0.82,9836.31,156772.42,3.78,75.21,0.02,623.75,300.03,2140.34,01
6243,6243,Fri Aug 12 18:23:43 UTC 2022,9.87,298.0,637.12,5475.69,0.14,63541.61,8.39,3,0.6,31940.94,255197.32,4.23,202.46,0.03,1372.15,642.37,6269.8,11
2513,2513,Fri Aug 12 18:31:20 UTC 2022,7.37,441.0,261.37,4149.37,0.06,17960.54,3.7,5,0.68,9119.73,147957.82,1.88,38.12,0.01,251.02,260.5,1818.23,00
7371,7371,Fri Aug 12 18:40:43 UTC 2022,9.69,298.0,169.53,4158.17,0.08,16431.54,7.66,5,1.01,8297.32,176044.03,3.93,38.44,0.02,284.9,169.49,1638.93,00
6244,6244,Fri Aug 12 18:45:51 UTC 2022,15.62,410.0,213.09,3583.89,0.06,15775.32,3.76,3,0.44,7942.24,113679.22,1.89,40.49,0.01,174.73,214.7,1583.71,11
2514,2514,Fri Aug 12 18:52:43 UTC 2022,12.37,418.0,239.57,3316.87,0.05,14631.67,2.91,3,0.43,7342.68,106275.22,1.46,37.55,0.01,184.74,238.5,1469.86,11
5425,5425,Fri Aug 12 19:03:56 UTC 2022,12.61,285.0,363.41,6236.33,0.09,39360.84,8.38,5,1.05,19876.21,322082.11,4.25,84.09,0.02,626.32,361.19,3965.89,10
233,233,Fri Aug 12 19:08:44 UTC 2022,8.81,297.0,383.59,3673.74,0.1,40553.54,8.51,4,0.81,20391.92,180520.81,4.29,89.17,0.02,740.4,386.1,4090.91,00
6722,6722,Fri Aug 12 19:14:22 UTC 2022,22.26,679.0,151.5,6257.33,0.03,5492.78,0.74,2,0.18,2774.67,100451.84,0.37,17.86,0.0,45.07,151.67,562.0,10
6493,6493,Fri Aug 12 19:32:09 UTC 2022,7.01,332.0,193.57,3257.79,0.09,16643.49,7.17,6,1.08,8476.63,145124.46,3.67,37.84,0.01,303.07,192.17,1686.14,00
6734,6734,Fri Aug 12 19:39:23 UTC 2022,10.27,318.0,360.93,5024.4,0.08,26656.6,4.72,5,0.94,13628.3,189066.42,2.44,85.87,0.02,542.45,361.0,2760.38,01
7435,7435,Fri Aug 12 19:44:43 UTC 2022,18.6,358.0,354.81,3069.3,0.1,32335.31,8.9,4,0.67,16253.3,107181.12,4.48,80.34,0.02,844.02,362.43,3159.22,01
6239,6239,Fri Aug 12 19:51:04 UTC 2022,14.6,457.0,349.0,5622.6,0.06,23095.93,3.84,5,0.66,11668.1,190504.07,1.94,46.3,0.01,330.85,350.17,2318.34,01
2517,2517,Fri Aug 12 19:58:43 UTC 2022,21.3,538.0,476.4,3744.33,0.1,30246.47,6.14,4,0.45,15197.4,116003.42,3.1,57.31,0.01,515.24,478.33,3045.72,01
5920,5920,Fri Aug 12 20:10:06 UTC 2022,21.53,515.0,239.81,5281.63,0.05,13182.06,2.65,4,0.47,6624.47,153756.12,1.33,27.7,0.01,170.8,241.17,1328.16,11
2505,2505,Fri Aug 12 20:21:12 UTC 2022,14.9,389.0,233.59,3050.81,0.07,13881.75,3.51,4,0.62,7025.09,94242.88,1.8,36.36,0.01,198.66,234.5,1400.82,11
7437,7437,Fri Aug 12 20:27:43 UTC 2022,11.97,418.0,162.8,2546.01,0.06,8394.26,2.31,3,0.43,4238.76,66984.4,1.17,25.41,0.01,116.27,163.5,858.37,11
5546,5546,Fri Aug 12 20:36:06 UTC 2022,5.95,575.0,493.6,9103.77,0.04,26302.33,2.36,5,0.52,13309.77,241687.51,1.2,51.01,0.0,340.7,496.0,2658.78,11
5546,5546,Fri Aug 12 20:56:26 UTC 2022,0.0,75.0,546.45,3076.58,0.11,53736.0,10.23,2,1.6,27656.0,131336.0,5.38,595.45,0.12,2076.0,611.33,5352.0,01
7443,7443,Fri Aug 12 21:14:43 UTC 2022,5.38,658.0,159.57,3061.13,0.07,4273.31,1.82,4,0.36,2189.91,39307.29,0.93,17.97,0.01,87.9,162.17,445.17,01
3153,3153,Fri Aug 12 21:29:35 UTC 2022,12.75,546.0,117.73,4535.23,0.02,5927.47,0.89,4,0.44,3008.79,112450.55,0.45,15.17,0.0,82.42,117.5,586.81,00
5420,5420,Fri Aug 12 21:39:24 UTC 2022,14.17,497.0,1220.2,7196.2,0.13,78459.96,8.68,4,0.48,39385.11,238847.08,4.36,145.5,0.02,1532.6,1238.33,7946.08,01
7957,7957,Fri Aug 12 21:51:00 UTC 2022,15.6,341.0,225.81,2678.13,0.04,19906.28,3.91,4,0.7,10012.79,118605.75,1.96,41.09,0.01,259.35,227.07,1995.31,01
6723,6723,Fri Aug 12 21:56:43 UTC 2022,15.84,418.0,545.16,4466.75,0.08,38544.69,5.02,3,0.43,19358.76,131700.57,2.53,101.76,0.01,688.85,528.0,3736.36,01
6232,6232,Fri Aug 12 22:03:43 UTC 2022,9.04,538.0,490.81,7376.63,0.05,27919.85,2.47,4,0.45,14105.35,204334.35,1.25,60.17,0.01,338.36,494.73,2817.32,01
6721,6721,Fri Aug 12 22:18:43 UTC 2022,11.83,298.0,182.17,1573.58,0.16,15795.3,10.35,2,0.4,7995.3,48277.85,5.32,88.3,0.06,229.53,180.17,1572.48,01
7438,7438,Fri Aug 12 22:23:43 UTC 2022,17.44,358.0,762.47,5873.95,0.11,68063.13,8.68,3,0.5,34184.92,211178.88,4.36,188.63,0.02,1280.45,766.83,6608.38,01
7434,7434,Fri Aug 12 22:29:43 UTC 2022,10.63,478.0,1165.73,8546.37,0.08,83649.79,4.93,6,0.75,42213.39,306383.85,2.48,144.95,0.01,1553.97,1182.17,8156.49,10
2507,2507,Fri Aug 12 22:39:28 UTC 2022,17.59,553.0,793.73,5349.0,0.1,30859.31,3.8,4,0.43,15555.52,130865.1,1.91,74.13,0.01,581.56,760.83,3084.63,01
6499,6499,Fri Aug 12 22:52:35 UTC 2022,7.18,366.0,250.57,2627.87,0.05,12063.28,2.36,5,0.82,6211.15,64118.36,1.23,48.38,0.01,296.72,249.0,1215.41,00
7436,7436,Fri Aug 12 23:00:57 UTC 2022,6.42,284.0,570.35,4521.75,0.12,54986.62,11.45,3,0.63,27726.76,184318.31,5.75,162.76,0.03,1002.46,582.98,5685.21,00
6725,6725,Fri Aug 12 23:05:43 UTC 2022,11.85,298.0,226.71,3930.01,0.05,20237.72,3.88,3,0.6,10211.68,161770.07,1.96,58.64,0.01,236.78,228.92,2015.03,01
6718,6718,Fri Aug 12 23:11:02 UTC 2022,14.46,459.0,282.47,3423.77,0.05,20389.02,3.51,4,0.52,10248.63,122431.37,1.76,37.46,0.01,237.78,285.17,2054.9,01
6490,6490,Fri Aug 12 23:20:44 UTC 2022,17.9,357.0,107.47,1768.72,0.06,5796.64,2.67,3,0.5,2922.69,51867.56,1.35,20.2,0.01,90.76,106.67,564.71,11
6491,6491,Fri Aug 12 23:26:43 UTC 2022,12.16,358.0,547.4,6136.1,0.06,42864.8,4.78,4,0.67,21616.76,205746.37,2.41,100.51,0.01,1055.87,559.67,4389.39,01
6500,6500,Fri Aug 12 23:36:09 UTC 2022,6.84,392.0,353.37,4686.67,0.07,27221.94,5.15,3,0.46,13697.45,112552.04,2.59,82.72,0.02,593.88,356.83,2669.39,11
9754,9754,Fri Aug 12 23:42:47 UTC 2022,9.61,414.0,439.63,5002.63,0.07,35000.0,5.56,3,0.43,17592.75,155100.58,2.79,92.97,0.01,535.51,429.0,3395.65,11
9765,9765,Fri Aug 12 23:52:12 UTC 2022,10.37,329.0,265.87,4883.45,0.05,24906.75,3.24,2,0.36,12474.89,188056.41,1.62,69.97,0.01,465.59,257.83,2352.95,10
7371,7371,Fri Aug 12 23:59:03 UTC 2022,8.85,278.0,143.23,5771.13,0.02,10841.01,1.56,3,0.65,5456.12,188074.1,0.8,32.33,0.01,155.4,143.64,1105.04,10
6502,6502,Sat Aug 13 00:04:51 UTC 2022,6.67,290.0,164.94,2259.33,0.04,11956.14,2.49,3,0.62,6030.21,76425.93,1.26,37.7,0.01,160.97,164.34,1197.93,01
9779,9779,Sat Aug 13 00:20:04 UTC 2022,7.75,277.0,167.86,3168.09,0.05,9943.97,2.75,3,0.65,5040.0,107568.95,1.41,40.9,0.01,172.42,168.15,981.66,01
5424,5424,Sat Aug 13 00:25:08 UTC 2022,14.97,333.0,442.7,4782.99,0.08,21998.2,5.03,3,0.54,11093.69,148436.04,2.54,61.78,0.01,263.06,430.33,2230.63,01
6498,6498,Sat Aug 13 00:30:43 UTC 2022,8.95,358.0,197.63,2176.52,0.06,16893.85,5.71,4,0.67,8503.91,88693.74,2.87,33.41,0.01,214.53,195.83,1672.63,11
9752,9752,Sat Aug 13 00:40:07 UTC 2022,11.43,274.0,201.09,4326.23,0.08,18529.93,8.95,5,1.09,9376.64,203636.93,4.52,42.21,0.02,324.09,199.45,1843.8,00
9750,9750,Sat Aug 13 00:44:44 UTC 2022,21.26,357.0,148.2,2461.6,0.04,7191.6,1.61,3,0.5,3668.91,54888.74,0.84,38.15,0.01,154.62,149.33,714.29,01
9758,9758,Sat Aug 13 00:51:28 UTC 2022,16.05,493.0,363.81,5726.8,0.04,20668.72,2.44,4,0.49,10420.04,169426.86,1.23,43.75,0.01,245.72,365.83,2086.98,01
3628,3628,Sat Aug 13 01:04:20 UTC 2022,10.01,321.0,152.67,4006.53,0.02,7130.84,1.28,2,0.37,3601.87,88816.82,0.65,27.67,0.0,94.39,154.67,736.45,11
5430,5430,Sat Aug 13 01:09:44 UTC 2022,19.75,417.0,852.03,7551.71,0.09,45136.69,4.42,3,0.43,22680.58,214715.68,2.22,135.46,0.01,823.74,831.83,4398.56,11
3134,3134,Sat Aug 13 01:32:01 UTC 2022,15.48,580.0,542.0,4247.97,0.21,22274.48,7.68,3,0.31,11191.03,72780.0,3.85,72.0,0.02,471.21,521.83,2311.03,11
6243,6243,Sat Aug 13 01:43:04 UTC 2022,9.44,517.0,124.73,2544.6,0.04,7186.07,2.03,5,0.58,3653.38,74239.85,1.04,18.62,0.01,134.62,126.33,739.26,11
6734,6734,Sat Aug 13 01:55:56 UTC 2022,10.45,285.0,181.61,3472.97,0.04,19943.16,4.38,5,1.05,10103.16,191042.11,2.24,41.0,0.01,282.11,180.53,2006.32,00
233,233,Sat Aug 13 02:01:24 UTC 2022,8.45,317.0,143.0,2272.14,0.05,11926.18,4.46,3,0.57,6000.0,72505.74,2.25,32.37,0.01,149.53,144.33,1203.79,11
2504,2504,Sat Aug 13 02:10:01 UTC 2022,14.66,400.0,299.3,8052.27,0.03,16191.0,1.55,4,0.6,8233.5,210291.0,0.78,45.35,0.0,216.0,297.5,1608.0,01
2513,2513,Sat Aug 13 02:18:17 UTC 2022,11.59,384.0,664.17,6316.33,0.07,55021.56,5.87,4,0.63,27614.06,242192.19,2.95,118.98,0.01,1261.09,685.33,5569.06,01
5425,5425,Sat Aug 13 02:27:05 UTC 2022,12.2,276.0,347.91,5877.38,0.05,37230.0,4.07,5,1.09,18883.48,327061.74,2.05,83.5,0.01,541.3,345.49,3734.35,00
2516,2516,Sat Aug 13 02:31:43 UTC 2022,16.46,298.0,219.06,3764.95,0.06,20198.66,5.01,4,0.81,10165.77,183487.25,2.55,41.16,0.01,275.84,219.83,2029.53,11
7435,7435,Sat Aug 13 02:38:16 UTC 2022,10.38,325.0,308.17,7020.1,0.03,25060.43,2.47,4,0.74,12660.92,275931.69,1.25,60.42,0.01,328.25,307.17,2537.35,01
6732,6732,Sat Aug 13 02:43:43 UTC 2022,13.7,358.0,395.43,4466.22,0.07,26028.27,3.74,4,0.67,13249.94,148022.01,1.91,81.53,0.01,443.63,396.67,2655.75,01
2514,2514,Sat Aug 13 02:49:43 UTC 2022,16.38,418.0,324.37,5428.57,0.05,20918.18,2.49,3,0.43,10534.45,169785.93,1.25,55.75,0.01,232.54,324.67,2102.87,01
4110,4110,Sat Aug 13 02:58:24 UTC 2022,13.36,497.0,690.4,9079.03,0.05,36341.89,2.86,4,0.48,18333.68,240058.43,1.44,87.12,0.01,637.79,692.17,3671.95,01
3132,3132,Sat Aug 13 03:06:43 UTC 2022,20.13,538.0,735.67,7287.94,0.09,45528.62,4.83,4,0.45,22928.25,205919.55,2.44,96.23,0.01,758.92,722.17,4653.9,00
5426,5426,Sat Aug 13 03:17:23 UTC 2022,22.29,498.0,647.47,6398.57,0.07,36021.69,3.75,4,0.48,18117.11,151608.43,1.88,89.24,0.01,920.12,674.17,3546.02,01
7431,7431,Sat Aug 13 03:27:30 UTC 2022,15.86,431.0,271.9,6150.97,0.03,17929.28,1.88,5,0.7,9095.5,198970.86,0.96,40.88,0.0,261.02,271.33,1813.09,01
3131,3131,Sat Aug 13 03:34:43 UTC 2022,18.58,478.0,357.23,5501.7,0.06,22207.53,3.25,4,0.5,11239.33,148157.32,1.65,56.26,0.01,286.19,358.83,2239.33,01
9785,9785,Sat Aug 13 03:48:08 UTC 2022,19.73,393.0,816.41,7339.15,0.08,72503.82,6.61,6,0.92,36683.05,326958.17,3.34,125.74,0.01,1269.31,813.43,7117.25,11
